[[-0.5668844  -0.95166785 -0.47095564 ... -0.0572253  -0.08526508
  -0.92093223]
 [-0.5574411  -0.44299504 -0.15262395 ...  0.61527807  0.08635072
  -0.43201727]
 [-0.13317002  0.6385997   0.6424586  ... -1.6087654   0.03663369
   0.6715292 ]
 ...
 [-0.7618742   3.32749     0.28040004 ... -0.5793257   0.05585425
  -0.4843858 ]
 [-0.55096996  0.3774934   1.0636903  ...  0.18818381  0.07957546
  -0.2853168 ]
 [-0.29212752 -1.7366743  -0.39402145 ... -0.38293627  0.10346852
   1.6342427 ]][[ 0.14744948 -0.11786374 -0.6664215  ... -0.2004667   0.42046747
   0.38161936]
 [ 1.0778284  -0.04171709 -0.7203982  ...  0.5586516   0.81955665
   0.11182866]
 [ 0.37368122 -0.24872003  0.79864204 ...  0.6154562   0.25988007
   0.3870273 ]
 ...
 [ 0.0938717   0.6393104  -0.9053311  ... -1.9352094  -0.6133152
  -0.7973854 ]
 [-0.7439737   0.9553589  -0.06559262 ...  0.40543818 -0.30245504
  -0.20450334]
 [-0.15679875  0.02839092 -0.1137175  ... -0.15403357  0.20846353
   0.21978296]][-0.6089858  -0.43064198  0.84899247 -0.5316834  -0.31139478  0.4449782
  0.06892833 -0.22512682  0.04115934 -1.0930479   0.32193288 -0.6399574
 -0.44709644 -0.17407413 -0.28759763 -0.4768407   0.08050893 -0.7538744
 -0.5349666  -0.8528632  -0.93530273 -0.78259933 -0.20536485 -0.30106965
  0.22695053 -0.799992   -0.88105285 -0.7417533  -0.35307008  1.0359895
 -0.4487679  -0.29003695 -0.3131317   0.4139812   0.89944273  0.16359183
 -0.41363546  0.36451074  1.2824706  -0.07938132  0.12328844 -0.09612503
  0.39191702 -0.00544578 -0.65965855  0.0051826  -0.7675071   0.03887938
  0.07523008  0.06103322  0.3193816  -0.5059899  -0.24408473 -0.9385412
  0.7993741   0.4131308   0.53640246 -0.5333093  -0.2786169  -0.4314872
 -0.4795073  -0.07880668 -0.6515042  -0.27609318 -0.2020648   0.21954982
  0.69429344 -0.3313384  -0.16152152 -0.37024418  0.23237202  0.04424977
  0.26108265  0.27443627 -0.52982026 -0.18258564  0.05231458 -0.33898348
  0.05429936  0.07888184  0.44297466 -0.01720453  0.1662802  -0.0816813
 -0.28273922  0.35736546  0.2565186  -0.33458585 -0.77252406  0.16150117
 -0.06017568 -0.19953959 -0.05464614  0.27054685 -0.12196223 -0.22650132
 -0.7491412   0.05387526  0.70856315 -0.03932396 -0.69766515  0.28153047
  0.29353985 -0.1936663   0.27384767 -0.04079716 -0.11523499 -0.76347816
 -0.15903196 -0.23383878 -0.16964483 -0.28465495  0.00600385 -0.43497047
 -0.3385563  -0.5894105  -0.39844355 -1.0014443  -0.96966565  0.42654192
 -0.15196508 -1.1843215  -0.4680555  -0.43745095  0.27505308 -0.2584176
 -0.2548048   0.01413701][-0.8729069  -0.33071876  0.9840653  -0.20993832 -0.31924278  0.4092181
  0.04974409 -0.08671235  0.24118067 -0.9883903   0.1432794  -0.8581124
 -0.34491107 -0.3386983  -0.10828979 -0.49597153  0.23477645 -0.84139395
 -0.5133663  -0.8223141  -0.63145816 -0.5368377  -0.13627917 -0.05504346
  0.1272779  -0.69473684 -0.7113029  -0.74753094 -0.45244086  1.136618
 -0.26793414  0.02863409 -0.5463574   0.4231719   0.71955484  0.12119631
 -0.14011176  0.60675174  1.24661    -0.07741636  0.37968212 -0.19925672
  0.45780295 -0.12572154 -0.53219014 -0.02967562 -0.925911    0.04107188
 -0.05325464 -0.11613404  0.28606924 -0.6726545  -0.16352835 -0.8007192
  0.7287698   0.52420115  0.3266693  -0.59784645 -0.2778906  -0.44710332
 -0.5668039  -0.03032782 -0.794225   -0.5635137   0.00947948  0.17413191
  0.6000046  -0.2929083  -0.02142651 -0.5344978   0.45282984  0.19684117
  0.25955802  0.18399215 -0.46185905 -0.09704322 -0.01398422 -0.21635465
  0.21838766 -0.02138192  0.53663814 -0.2272328  -0.07096208 -0.10380385
 -0.09742831  0.3754245   0.16790524 -0.06883275 -0.8823058   0.04631365
 -0.13077655 -0.23923545 -0.09091102  0.24082598 -0.20055735 -0.17062193
 -0.583543    0.2067678   0.688475    0.06902634 -0.66098326  0.32991272
  0.41771698 -0.27023646  0.07652853 -0.11195258 -0.21126723 -0.6996001
 -0.20345335 -0.18704955 -0.17508031 -0.5019641   0.24696487 -0.35564813
 -0.17929147 -0.8610207  -0.46953598 -1.0076053  -1.0641919   0.5832309
 -0.3594517  -0.9402903  -0.3774215  -0.37128237  0.30839297 -0.24594074
 -0.33941415 -0.06086089][[ 0.26704288  0.30147684 -0.2717445  ...  0.04657258 -0.16543025
   0.5706101 ]
 [ 0.356449   -0.1364714  -0.04143362 ... -0.16080901  0.14156534
   0.2804647 ]
 [ 0.5506069  -0.17579007  0.03142531 ...  0.43267772 -0.09845729
   0.8359664 ]
 ...
 [-1.3039522   3.490411   -1.0230267  ...  2.455354    0.02134308
  -0.21288818]
 [-1.3215561   2.2824938  -1.6898025  ...  0.2924057   0.01793213
  -0.43364716]
 [-1.3384416   3.5232315  -0.7972842  ... -0.22024868 -0.01504219
  -0.6049201 ]][[ 0.625134    0.42157188 -0.33619148 ... -0.6556519  -0.5548901
   0.28804883]
 [ 0.68568766  0.13587824 -0.30684695 ... -0.5961532  -0.32359016
  -0.10267312]
 [ 0.35770848  0.19352825 -0.33590257 ... -0.18930566 -0.200559
  -0.1855247 ]
 ...
 [-0.2408595   0.03993331  0.38305214 ...  0.81651825  0.23576027
  -0.6133974 ]
 [-0.61554146  0.10463314  0.09341995 ... -0.01868692  0.85335773
  -0.67554814]
 [-0.3948839   0.15239914 -0.20078528 ...  0.4769326  -0.00362228
  -0.44265118]][ 5.6847459e-01  6.7945051e-01  7.2256982e-01  3.0025941e-01
 -4.4742775e-01 -6.0118788e-01  1.3913918e-01  1.4736210e-01
  4.0852997e-01 -6.8464607e-02  7.6734543e-01 -4.6976292e-01
  3.0615467e-01  4.2304886e-03  3.9650941e-01  4.1252595e-01
  9.2425388e-01  4.1536960e-01  1.0082703e-01  6.0000908e-01
  7.3722887e-01  3.1138036e-01  8.4263600e-02 -5.4413569e-01
 -3.1743121e-01  6.4184725e-02  1.6985080e-01  6.6511440e-01
  2.4641325e-01  1.6211854e-01  1.0271084e-01  1.4190094e-01
  6.2043989e-01  6.0803849e-01  5.0305587e-01  3.0616051e-01
 -4.3050885e-01 -2.4540089e-01  3.5467225e-01  4.8931071e-01
  5.3589767e-01  4.8845914e-01  4.8201323e-01 -6.8618208e-01
 -4.9457932e-01  1.2209451e+00  4.3748385e-01  7.6600713e-01
  4.6770644e-01  3.9335179e-01  2.4792509e-01  8.7722337e-01
  4.1119698e-01  3.0569458e-01  2.8005603e-01  4.6433878e-01
  4.1533107e-01  2.5303330e-02  9.9308479e-01  2.8810051e-01
  1.8144886e-01  6.1255336e-01  4.8632765e-01  3.4860227e-01
  5.6804943e-01  3.6811087e-01 -4.8281795e-01 -2.6571056e-01
 -3.6416728e-02 -1.0966084e+00  3.3697250e-01  1.7359579e-01
 -3.1664312e-01 -4.7924955e-04 -6.3969052e-01  4.0030175e-01
 -5.7413793e-01  4.1931510e-01 -4.3531945e-01 -2.7064061e-01
  3.9208180e-01 -1.8802406e-01  3.8915950e-01 -5.1485133e-01
  6.1551279e-01  4.2796516e-01 -6.4234936e-01 -1.1699942e-01
  2.9990676e-01 -6.8578804e-01  1.4115874e-01  5.3826785e-01
  6.8185024e-02 -4.6721065e-01 -2.1469143e-01  3.6321196e-01
  2.2041561e-01 -7.7376670e-01 -4.5935544e-01 -4.9116048e-01
 -4.5790511e-01  4.5249707e-01 -3.1697774e-01 -9.2387676e-01
 -3.6425781e-01 -5.9846711e-01 -3.3127522e-01 -5.2930027e-01
 -5.4310203e-01  1.0965802e-01 -3.8075587e-01 -1.9644232e-01
 -5.0708765e-01 -5.4735422e-01 -7.9013187e-01 -4.6585143e-01
 -6.4112997e-01 -4.9298066e-01 -2.8560612e-01 -5.5189902e-01
 -1.3082409e-01 -5.7943386e-01  1.4777227e-02 -4.4483837e-01
 -2.9445282e-01 -2.9174638e-01 -8.4211022e-01 -1.7251186e-01][ 0.41716877  0.65052116  0.8921018   0.38284734 -0.19560963 -0.8356266
  0.35895634  0.06683859  0.22194996 -0.15571468  1.0241263  -0.47698978
  0.3663769   0.21906264  0.30776012  0.2822927   0.749787    0.41037717
  0.16211227  0.4810013   0.5887535   0.47983938  0.04803322 -0.4650401
 -0.32868516  0.2810826   0.08326288  0.89392966  0.27421737  0.27824947
  0.05901488  0.2520418   0.58731705  0.5374741   0.45069847  0.39663762
 -0.5820375  -0.0363771   0.21882942  0.47965997  0.24307789  0.48238045
  0.25868383 -0.6820683  -0.36891797  1.4001458   0.35403842  0.7990185
  0.75130886  0.45170596  0.06320522  0.67978954  0.5196817   0.27207148
  0.11986028  0.24032468  0.5393386   0.3060458   0.8976916   0.26689965
  0.15134107  0.5285882   0.39338204  0.42132032  0.34678987  0.28943467
 -0.38466793 -0.42200094  0.00445912 -0.98058933  0.49630398  0.1262269
 -0.23551704  0.04766417 -0.66106373  0.14495079 -0.5380381   0.44984698
 -0.49999115 -0.16191459  0.17897911 -0.4818723   0.4456477  -0.25308377
  0.6217903   0.53596973 -0.66374683  0.14362784  0.23953107 -0.38041252
  0.36563873  0.46095198 -0.08431453 -0.43258676 -0.3955084   0.2789688
  0.40478507 -0.8065409  -0.6602955  -0.7098474  -0.42198488  0.573694
 -0.40570605 -1.0099497  -0.4916448  -0.47577772 -0.50942767 -0.35548407
 -0.69285667  0.1733387  -0.27164072  0.02279778 -0.39112052 -0.5665997
 -0.7149755  -0.28011867 -0.5083018  -0.41304123 -0.23175699 -0.22359674
 -0.05932434 -0.39032066  0.138084   -0.24568346 -0.36242187 -0.251066
 -0.7105009  -0.20587097][[-0.666766    0.33283237 -0.7457505  ...  0.4439367   0.8321677
  -0.658409  ]
 [ 0.24960627 -0.477164   -0.56525797 ...  0.5028103   0.52246565
  -0.31722844]
 [ 0.54352725 -1.2633128   2.727568   ...  0.11642409  0.4459862
  -0.4423001 ]
 ...
 [ 0.2500331   0.7887973   0.96614385 ...  0.04754761  0.16848437
   0.02044824]
 [-0.55055386  0.5030965  -0.6980236  ...  0.11198918  0.02473923
  -0.40296003]
 [-1.4078145   0.8004236   0.258515   ...  0.05941789 -0.21955344
  -0.2108333 ]][[-2.52565908e+00 -3.16660672e-01 -1.16782618e+00 ... -2.16780972e+00
  -4.71973931e-03 -2.00769162e+00]
 [-3.35012764e-01  8.35383952e-01 -5.67203760e-01 ...  4.94617134e-01
  -2.92014807e-01  4.65258248e-02]
 [ 7.93552220e-01 -3.92572016e-01 -1.21267164e+00 ...  6.08710110e-01
  -2.13012576e-01  9.38477814e-01]
 ...
 [ 1.17399476e-01 -1.51807034e+00 -1.17265470e-01 ... -1.14870511e-01
   1.64978221e-01 -3.05180740e+00]
 [-9.00662243e-02 -3.30526829e-01  2.41956607e-01 ...  1.24755211e-01
  -1.72506705e-01 -1.57973751e-01]
 [ 3.81545633e-01  1.05946235e-01 -9.58221927e-02 ...  9.87122416e-01
   3.97863388e-02  7.51178408e+00]][-4.64234561e-01 -4.97518092e-01  3.83604676e-01 -4.85933661e-01
 -4.32682514e-01 -1.76682502e-01 -1.00095689e+00  7.05932379e-01
  1.18592072e+00  1.00439405e+00 -2.08989576e-01 -8.38642180e-01
  2.84313355e-02 -2.46387273e-01 -1.80367172e-01 -2.99734294e-01
  8.58527482e-01  1.38404155e+00  2.80907393e-01  4.06389534e-01
  1.92922160e-01  1.05888259e+00  6.65565670e-01  2.72902310e-01
 -3.39665115e-01 -1.48057103e-01 -4.50394094e-01  3.51719409e-01
  5.43541551e-01 -3.50361973e-01 -2.76077092e-01  4.54890989e-02
  1.32753536e-01  2.64953315e-01 -1.26989707e-01 -3.91720772e-01
 -1.10592270e+00 -1.02501750e+00 -2.28324533e-01  4.33075339e-01
 -4.11333181e-02 -2.86981940e-01  1.54372290e-01  1.02880788e+00
 -4.44978476e-01  2.11066246e-01  8.53704691e-01  7.18118668e-01
  2.18578935e-01  4.96987820e-01 -3.99614990e-01 -6.41368270e-01
  9.79143858e-01  2.47324671e-04 -8.31988335e-01  2.18526915e-01
 -5.46340108e-01 -1.19106221e+00 -2.44737178e-01  3.41688871e-01
 -4.27823722e-01 -2.23862961e-01 -2.84028709e-01  6.33493006e-01
  1.00568426e+00  9.21680853e-02 -4.26679194e-01 -3.57688695e-01
  1.53661385e-01  7.88007498e-01 -8.97404909e-01 -1.06789172e-01
  1.56636238e-01  1.11183572e+00  3.29170525e-01 -5.53533077e-01
  5.29966176e-01 -7.50042945e-02  1.63430735e-01  5.05409203e-02
  1.17368102e+00  6.25653446e-01  3.36552173e-01 -6.83312178e-01
 -2.99639016e-01  5.24901986e-01  4.03555870e-01 -7.21239969e-02
 -1.18093647e-01 -2.27834985e-01  3.05172175e-01 -2.89166093e-01
 -6.34897172e-01 -1.10716566e-01 -7.03322366e-02  4.87018794e-01
  4.90063369e-01  2.17261046e-01  9.67947483e-01 -2.86849141e-01
  3.71965975e-01 -2.83221960e-01 -3.79106961e-02  1.19947088e+00
  2.36616746e-01  4.78694886e-02  7.98179269e-01  7.38974512e-01
  8.64202261e-01 -1.54796895e-02  7.29695261e-01  5.84744930e-01
  1.20170400e-01  2.66330689e-01 -3.69039774e-02 -6.93676531e-01
 -1.83929160e-01  7.45971143e-01  2.08563104e-01  5.75173140e-01
  6.66703701e-01 -2.66480058e-01 -1.50059253e-01 -8.16879719e-02
  4.13808227e-01  3.26821864e-01 -1.75347567e-01  2.78514624e-01
 -2.23587267e-02  3.88630517e-02  1.87012658e-01 -2.58392543e-01
 -7.80866385e-01  8.93704474e-01  1.05666384e-01  4.31990921e-01
  9.39880535e-02  7.29441822e-01  9.64071676e-02 -5.55131614e-01
  4.76267993e-01  2.83075750e-01  2.61105001e-01  1.85625404e-01
  4.27401453e-01  9.24851835e-01 -3.30170840e-02  2.35078409e-01
  8.05504322e-01  3.16438884e-01  9.28317368e-01 -4.17764962e-01
 -3.61967146e-01 -3.87285888e-01 -6.25419617e-01 -3.88548791e-01
 -6.44424736e-01 -1.89023808e-01 -3.55082780e-01 -3.50972891e-01
 -1.65311042e-02 -5.23173869e-01 -3.26532006e-01 -4.52725589e-01
  7.84815133e-01  3.53074133e-01  3.78173470e-01 -1.79280285e-02
 -1.35844663e-01  2.61858076e-01  5.66291392e-01  1.03183615e+00
 -9.08057243e-02  2.96100408e-01 -1.09080541e+00 -5.45052469e-01
 -7.96117365e-01 -5.43944418e-01  2.74488926e-01 -2.62237847e-01
  1.38347745e+00  5.46697736e-01 -1.97483703e-01 -1.78097770e-01
 -2.72224754e-01  3.40010583e-01 -1.68358088e-01  4.34003979e-01
  2.50014007e-01 -1.50931507e-01 -1.32738739e-01 -1.26869595e+00
  1.55643082e+00 -1.32880628e-01  1.52890086e-01 -5.08998513e-01
 -4.83145386e-01  1.05052447e+00  2.10476384e-01 -5.58443725e-01
  4.64000016e-01  6.50654852e-01  3.88947502e-02  1.69922158e-01
  7.94938862e-01 -2.05022112e-01 -1.46253705e-01 -4.27733928e-01
  7.19548464e-01 -9.49612975e-01 -3.25808749e-02 -6.84415281e-01
  9.04000580e-01  4.34755325e-01  6.72133148e-01  7.97559917e-01
 -1.85946926e-01  6.74770996e-02  1.30261421e-01 -7.14861751e-01
  7.28312969e-01 -2.41415977e-01 -3.38653713e-01 -1.85829759e-01
  9.23376679e-01  8.83985341e-01  2.66484082e-01 -9.45375487e-02
 -8.31829309e-01 -1.02117765e+00 -1.07188798e-01 -6.46400750e-01
 -1.29156234e-02 -6.31629862e-03  1.30842596e-01  2.70452619e-01
  2.29053810e-01  6.12439275e-01  3.95236127e-02  4.05097455e-01
  3.24172765e-01 -2.09317908e-01 -2.38473251e-01 -7.98722088e-01
  4.62909698e-01  5.84063768e-01  1.28362462e-01  7.99832225e-01
 -3.02667171e-01 -1.26224089e+00  2.05160081e-01  1.18198276e+00
 -5.95422499e-02  2.20255163e-02 -1.07920822e-02 -6.52044192e-02][-3.76338154e-01 -5.11222839e-01  3.92662674e-01 -5.04232764e-01
 -5.69073975e-01 -7.08443625e-03 -1.19135571e+00  7.53947318e-01
  1.27012932e+00  1.01487207e+00 -5.44542633e-02 -9.96444225e-01
  2.48837452e-02 -4.55746800e-01 -2.42483065e-01 -1.75946817e-01
  7.69931734e-01  1.37165189e+00  3.10735047e-01  4.92775321e-01
  1.02452137e-01  1.17739022e+00  7.40682065e-01  3.48197252e-01
 -2.01248810e-01 -3.07241976e-01 -4.07974839e-01  4.84969258e-01
  5.75033307e-01 -2.64822721e-01 -4.45925832e-01 -1.03416882e-01
  1.00635238e-01  3.02447975e-01 -1.80232719e-01 -4.63113606e-01
 -1.08213770e+00 -8.68763983e-01 -1.36999756e-01  3.90210569e-01
 -3.77813354e-02 -3.87157798e-01  3.04666996e-01  9.60700512e-01
 -4.63439405e-01  2.33297601e-01  8.02019477e-01  8.08118463e-01
  3.76200616e-01  5.06367683e-01 -2.28959829e-01 -8.20938706e-01
  8.84683728e-01 -2.08173990e-02 -8.54608774e-01  2.08641589e-01
 -6.16085052e-01 -1.31278801e+00 -2.50385731e-01  3.47150743e-01
 -4.31554824e-01 -2.39183858e-01 -3.23161840e-01  6.50120080e-01
  8.15775812e-01  2.78215349e-01 -5.41321635e-01 -4.26922619e-01
  1.63168088e-01  7.48538256e-01 -7.84689784e-01 -6.81127012e-02
  2.24372730e-01  1.17609620e+00  4.10468996e-01 -5.11216581e-01
  7.27304041e-01  4.71061617e-02  1.46885708e-01 -5.86043075e-02
  9.60676610e-01  8.18060935e-01  3.40864360e-01 -8.89304876e-01
 -2.59179860e-01  6.16700530e-01  5.95006466e-01 -6.62057921e-02
 -1.37608200e-01 -8.23987089e-03  1.33170873e-01 -5.61460890e-02
 -5.28820157e-01 -6.83512613e-02 -2.54192591e-01  4.50006515e-01
  3.43806863e-01  3.10198456e-01  8.50274563e-01 -1.74374416e-01
  4.45730120e-01 -3.82614434e-01 -8.73181522e-02  1.06181526e+00
  3.78850758e-01  1.04473419e-02  6.85207963e-01  5.40643454e-01
  8.94538283e-01 -1.06650248e-01  7.55936205e-01  5.40975511e-01
 -1.57916895e-03  3.86496842e-01 -2.66861394e-02 -5.94704211e-01
 -1.20902851e-01  7.99317837e-01  2.31026128e-01  4.07799035e-01
  8.26417327e-01 -4.16021831e-02 -2.04387791e-02 -7.19176903e-02
  4.85542715e-01  5.57170689e-01 -2.17892565e-02  1.88543275e-01
 -8.84423852e-02 -1.90434024e-01  1.58494964e-01 -3.70475829e-01
 -8.99253011e-01  1.06376064e+00  1.26026273e-01  4.63597298e-01
 -6.84750313e-03  6.69644237e-01  1.03934504e-01 -4.47856039e-01
  4.56325024e-01  1.16035856e-01  2.15509444e-01  4.08461362e-01
  5.78938305e-01  1.03584266e+00 -1.18178405e-01  2.50029981e-01
  7.60094404e-01  4.76171494e-01  8.14355075e-01 -4.50357556e-01
 -3.86766553e-01 -5.81598043e-01 -4.79819477e-01 -3.42702627e-01
 -7.62743354e-01 -1.08092405e-01 -3.32537264e-01 -2.83687204e-01
  6.56293379e-03 -4.22975212e-01 -2.46458635e-01 -5.14783442e-01
  8.40143085e-01  3.59166384e-01  4.11219925e-01 -1.17189832e-01
 -1.47563130e-01  2.37436309e-01  4.86796051e-01  9.96943295e-01
 -6.32389113e-02  2.73983210e-01 -1.03167212e+00 -4.42639351e-01
 -6.67426884e-01 -3.68991941e-01  3.51542979e-01 -9.19479951e-02
  1.22946739e+00  5.39325595e-01 -3.34778577e-01 -2.05518067e-01
 -2.57815689e-01  3.62631381e-01 -2.36711025e-01  5.03374159e-01
  3.31321567e-01 -2.00141609e-01 -1.56916782e-01 -1.34464896e+00
  1.52514493e+00 -2.09763557e-01  2.67725199e-01 -6.30055666e-01
 -5.20064831e-01  1.13919091e+00  3.64106208e-01 -4.28039074e-01
  3.26891214e-01  6.63899183e-01  1.33531087e-03  1.95660114e-01
  5.94354928e-01 -2.43001178e-01 -2.13511623e-02 -3.62575471e-01
  9.08733606e-01 -8.94251049e-01 -7.57836625e-02 -5.67904651e-01
  8.92248690e-01  4.40210700e-01  6.82880461e-01  8.15965950e-01
 -2.70612895e-01  1.05751164e-01  9.51054990e-02 -6.50318027e-01
  6.62307918e-01 -2.40508825e-01 -2.48801738e-01 -1.46364793e-01
  1.03694677e+00  7.76398242e-01  2.80244946e-01  1.04171429e-02
 -1.00992727e+00 -9.49277282e-01 -1.88305825e-01 -6.90617502e-01
 -4.91778105e-02  9.02521983e-02  2.76563410e-02  1.82756573e-01
  2.52756387e-01  5.90371430e-01  1.60414930e-02  4.58881766e-01
  3.30212742e-01 -3.42286497e-01 -1.33764818e-01 -8.66472542e-01
  5.92773318e-01  5.99893391e-01  1.40011057e-01  7.92606115e-01
 -3.30428481e-01 -1.13949478e+00  1.56585246e-01  1.30334651e+00
 -1.06714545e-02  2.17738956e-01  2.86300071e-02 -1.72810286e-01][[-0.5425295   0.41193452  0.03014631 ... -0.84425634 -0.83850884
   0.79721844]
 [-0.29738927  0.4813685   0.0247313  ... -0.8271683  -0.7503621
   0.8777105 ]
 [-0.23625122  0.33229646 -0.03263469 ... -0.7680322  -0.76382077
   0.7885988 ]
 ...
 [ 0.39421317 -0.3044341   0.09436043 ...  0.861508    0.7651014
  -0.83614886]
 [-0.75263166  0.6723402  -0.0012254  ... -0.7348178  -0.6593687
   0.69378364]
 [-0.46167806  0.49354354  0.04407023 ... -0.86065716 -0.83307904
   0.9097516 ]][ 1.0538156   1.1137642   1.017804   -0.9867888   1.0124102   1.0894041
  0.9471584  -0.99520195  1.0053248   1.0174155 ][[ 0.3074174   0.58823204  0.5508749  -0.04237918  0.46494657  0.44678578
   0.46580327 -0.323767   -0.04684397  0.46036687]][-0.21032412][[-3.31967056e-01  1.60572484e-01  4.77506429e-01  5.69284745e-02
   7.16139078e-01 -7.56291926e-01 -1.56500079e-02 -3.43291610e-01
   3.42175484e-01  4.10157628e-02 -5.49520925e-02  3.31226200e-01
  -5.22932112e-01  1.38630504e-02  8.47227275e-02 -6.97525740e-02
  -1.19171023e+00 -6.30935311e-01 -5.19621134e-01 -6.15060031e-01
   3.23920786e-01 -1.06628977e-01 -3.95099699e-01  7.24822819e-01
   2.08405405e-01  1.62077621e-01 -5.89200556e-01 -1.63401335e-01
   2.85028845e-01 -4.80879769e-02  9.32314768e-02 -9.75485206e-01
   3.08546066e-01  9.03113782e-01  1.95610635e-02 -2.98565537e-01
   3.93139511e-01 -1.83893323e-01 -4.76440461e-03  5.95514119e-01
  -9.81076732e-02 -2.32335091e-01 -3.22453707e-01 -8.85377526e-01
   1.01242244e+00  9.97644067e-01  9.31285977e-01 -4.11475718e-01
   7.46624589e-01 -2.04341069e-01 -7.64382780e-02  1.58280414e-02
   1.13512588e+00  2.61801779e-01  4.55052882e-01 -2.17717558e-01
  -1.96708545e-01 -1.40195608e+00 -5.26541620e-02 -2.92705208e-01
  -3.86254162e-01  1.14245081e+00 -1.00814864e-01  6.17933095e-01]
 [ 3.15775990e-01 -2.33987713e+00  1.93408978e+00  2.19929814e-01
  -5.57145405e+00 -2.83738184e+00  3.98049295e-01 -5.24909198e-01
   3.41461420e+00 -8.49909663e-01  3.71925443e-01  7.72877857e-02
  -6.43888474e-01  4.03869674e-02  1.83574811e-01  7.37893224e-01
  -7.12876558e+00 -2.80003643e+00  3.12332094e-01 -1.89315593e+00
   5.31302071e+00  4.98158073e+00 -2.36554885e+00 -5.06644957e-02
   1.72879428e-01  8.37101340e-01 -1.58190823e+00  2.04018801e-01
  -1.64303291e+00 -1.68927684e-01 -3.23404819e-01  6.91827476e-01
   2.95618010e+00 -1.24268043e+00  4.32637358e+00  5.19760370e-01
   1.23366141e+00  2.16764852e-01  3.29904348e-01  4.47141886e+00
  -3.37615430e-01  8.14024329e-01  1.76946521e+00  4.05337286e+00
   3.56256104e+00 -8.45870852e-01  6.58111811e-01 -5.48040032e-01
   1.56437767e+00 -1.85130608e+00  6.51853979e-01 -9.45713595e-02
   3.51135969e+00  8.02085781e+00 -1.71581936e+00  1.94766855e+00
  -9.14285123e-01 -1.33392379e-01 -1.23897517e+00  5.18208361e+00
   9.23344076e-01  1.19393814e+00  8.21280658e-01  7.93904781e+00]
 [-2.67279625e-01  2.48982167e+00 -1.55523285e-01  2.96135396e-01
   6.97947931e+00  1.03916943e+00  1.38408470e+00  1.04520274e-02
   1.56698406e+00 -8.51408362e-01  6.23945296e-01  4.35954481e-01
  -1.07591605e+00  5.17999768e-01  5.17140210e-01  3.22349042e-01
   1.25410962e+00  1.29256666e+00  2.33561468e+00  1.00766969e+00
   5.72540760e+00  8.83546412e-01 -1.79840112e+00 -1.09187639e+00
  -1.14475742e-01  4.05995607e-01 -1.37175405e+00  1.34974432e+00
  -8.57794344e-01 -1.41941812e-02 -4.85908598e-01 -6.74842548e+00
   1.85588849e+00 -6.98540747e-01  1.77194917e+00  4.52968359e-01
  -1.25542128e+00 -2.41173163e-01  6.55117750e-01  2.38630128e+00
  -4.02209252e-01  4.13972080e-01  3.30467463e+00 -2.33895928e-02
  -3.43505955e+00  1.79387701e+00 -7.30203167e-02 -1.39080599e-01
   1.11531150e+00  4.83408242e-01  6.49258792e-01 -7.27472454e-02
   4.43974590e+00  4.32346773e+00  2.82493323e-01 -3.43925309e+00
  -5.63584864e-01 -2.93920159e+00 -1.18835792e-01 -1.64902627e+00
   7.36734450e-01 -1.63943291e+00  4.54930246e-01 -2.73922968e+00]
 [ 2.86899996e+00  8.02742541e-01 -4.65608299e-01 -2.37036303e-01
   4.62341738e+00 -9.77001667e-01 -1.70579755e+00  1.45982993e+00
   6.85369894e-02  1.90619433e+00 -1.49155170e-01 -5.81885517e-01
   3.34101129e+00 -2.63267215e-02 -1.09952845e-01 -5.00052214e-01
   4.26286697e+00 -1.85483336e+00  3.45556140e-02  1.36602759e+00
   4.74179797e-02 -5.78606315e-03  5.73208714e+00 -2.76435637e+00
   1.09670699e-01 -6.70789361e-01  9.34069932e-01 -4.10094261e-01
  -8.68955374e-01 -1.76526278e-01  2.75404274e-01  2.05152416e+00
  -1.18167973e+00  2.09986734e+00 -3.09427118e+00 -3.02951604e-01
   1.02162421e+00 -1.35972068e-01 -4.51078087e-01 -8.31962407e-01
   2.99655087e-02 -4.54062074e-01 -3.84674287e+00 -1.81287789e+00
   5.36869431e+00 -2.34333968e+00 -1.73912776e+00  9.53470767e-01
   3.26287675e+00 -2.61719561e+00 -5.59378564e-01  4.56937626e-02
  -3.41907167e+00 -1.35324746e-01 -7.11957645e+00  3.22995377e+00
   8.14791799e-01  2.89602429e-01 -6.57509089e-01 -4.25044918e+00
  -1.61661780e+00  2.66947746e+00 -6.96915865e-01  4.22765940e-01]
 [-1.37551141e+00 -6.32882714e-01  1.85352695e+00 -1.64201647e-01
   6.68383390e-02  6.28980473e-02  3.84540820e+00 -2.94548345e+00
   1.81976414e+00 -9.76431131e-01 -1.77439809e-01 -1.15561821e-02
   3.09279823e+00 -1.82349846e-01 -2.00537607e-01 -6.82270646e-01
   1.92101836e+00 -1.02812028e+00 -1.47578388e-01 -2.44830561e+00
  -1.47256181e-01 -1.16490096e-01 -2.37227058e+00 -1.98808885e+00
   2.66334116e-01 -5.79488754e-01 -1.49992192e+00  3.44795108e-01
  -4.42144346e+00 -2.15640023e-01  5.52605689e-01  6.66263437e+00
  -3.00803447e+00 -1.05020988e+00 -9.55483913e-01  2.61264537e-02
   1.74559188e+00  2.29288694e-02 -6.46051109e-01 -2.94143462e+00
   1.24309339e-01 -6.00926340e-01  1.31511307e+00  4.50421214e-01
   2.27175164e+00 -6.58002496e-01  3.83751154e-01  1.42727986e-01
   2.74889684e+00  3.90662640e-01 -3.71721327e-01 -2.92997807e-01
   8.02557945e+00 -6.10751057e+00  5.19319201e+00 -2.21534491e+00
   5.18971145e-01 -2.88725734e-01  9.87522960e-01 -2.57796574e+00
  -2.22193003e+00 -3.73097897e+00 -7.27833867e-01  6.47031832e+00]
 [ 2.84506178e+00 -3.39478707e+00 -7.62294279e-03 -2.43711248e-02
   2.88898039e+00  1.18255687e+00 -1.11187279e+00  5.78408949e-02
   1.09752797e-01 -6.24593794e-02  2.18269274e-01  5.57732821e-01
  -2.39306644e-01  1.16908975e-01 -1.72897205e-02  5.60174584e-01
  -2.13089728e+00 -5.45763683e+00  2.23428965e+00 -2.71410871e+00
  -2.24500746e-01 -9.27013814e-01 -4.19473600e+00  8.10431600e-01
  -7.30460361e-02  4.47699100e-01 -7.24553525e-01  2.76060164e-01
   1.29681432e+00  3.94634426e-01 -5.61475515e-01 -4.25389528e+00
  -6.44156551e+00 -1.34763944e+00  2.60746813e+00  6.91455185e-01
   3.80409908e+00 -2.05292538e-01  6.98108315e-01 -1.66185939e+00
  -2.89905071e-01  4.52826947e-01 -2.21890330e+00 -4.26476479e+00
   1.14816456e+01 -1.08563435e+00  2.17660356e+00 -6.98410153e-01
   1.03356493e+00 -7.54427090e-02  6.72564447e-01 -1.05079442e-01
  -5.37339389e-01  1.56667960e+00  1.01188517e+00 -5.94190657e-01
   8.84454191e-01 -2.11460638e+00  3.34053874e+00 -5.55525827e+00
  -2.27238107e+00  4.32364178e+00  5.03061175e-01 -4.35806364e-01]
 [-5.01316881e+00  2.23322558e+00  5.82334697e-01 -1.04771748e-01
   8.02093506e+00 -3.69096780e+00  1.53348970e+00  6.20911777e-01
  -4.39269900e-01  2.51447797e+00 -4.48593110e-01 -9.04929221e-01
   9.14041221e-01 -2.81019479e-01 -4.37456191e-01 -5.94599366e-01
   4.66886616e+00  3.10595520e-02  1.96986590e-02  1.03685331e+00
   4.91140938e+00 -1.95520651e+00  5.45746708e+00 -2.21381307e+00
  -1.98354557e-01 -5.08314252e-01  1.88633168e+00 -2.68415540e-01
  -3.43290973e+00 -2.08644360e-01  5.55823147e-01  3.13431621e+00
  -1.70926273e-01  8.09933841e-01 -3.86958051e+00 -7.68272817e-01
   1.20880342e+00 -2.65895396e-01 -5.63074827e-01  2.67312020e-01
   3.88018906e-01 -6.18591130e-01 -1.76554859e+00 -2.07898617e+00
   4.38232517e+00 -1.15599215e+00 -4.15659857e+00  9.02982950e-01
   3.58874249e+00 -8.39840353e-01 -5.19320905e-01  1.57487810e-01
   1.77047431e+00  1.22744348e-02 -7.95243073e+00  3.27188373e+00
  -9.46407393e-02 -1.64456323e-01 -2.29580474e+00  1.33233798e+00
  -2.33437490e+00  4.48607713e-01 -6.30280316e-01 -2.06124043e+00]
 [ 5.88148773e-01  8.06501731e-02  6.92835152e-01 -2.48467535e-01
  -1.15200579e+00  1.81332469e+00  4.27844793e-01  4.06941384e-01
  -1.39641287e-02  1.25837302e+00 -2.79419810e-01 -4.49120328e-02
  -7.27790773e-01 -9.50729921e-02 -2.56313473e-01 -7.66747713e-01
  -3.26991034e+00 -2.26788425e+00  4.23167497e-01  3.93773615e-01
  -2.22283745e+00 -1.51442218e+00  5.88325405e+00  2.29970288e+00
  -2.27800980e-01 -8.93267751e-01 -4.27682579e-01 -4.99370664e-01
   2.96355709e-02 -4.81627136e-01  4.72294688e-01 -6.10543633e+00
  -6.29941672e-02 -1.38415217e-01 -9.64963615e-01 -9.29686546e-01
   3.22239876e+00  2.33102918e-01 -6.47436917e-01  8.23420346e-01
   4.48823422e-01 -5.87722898e-01 -1.22059178e+00  2.82065797e+00
   7.52911329e+00  9.36274529e-01  1.29703677e+00  8.83134902e-01
  -1.37413945e-02 -1.12015653e+00 -4.11696374e-01  4.05619442e-01
   1.81570363e+00 -1.55528653e+00 -9.95463014e-01  5.88420749e-01
   2.38399005e+00 -4.91788208e-01  2.42384648e+00  1.28050879e-01
  -1.50565565e+00  2.93688393e+00 -5.94472408e-01  1.06731677e+00]
 [-2.43218708e+00 -2.25469470e+00  9.68678415e-01  3.30914557e-01
  -2.47696233e+00 -4.70673752e+00  8.83216918e-01 -1.13806136e-01
   4.75434542e-01 -1.26346231e+00 -2.59702474e-01 -3.30244154e-01
  -1.59980440e+00 -2.95760125e-01 -2.52972931e-01 -2.73098111e-01
  -6.81507063e+00 -2.51815128e+00 -7.94756174e-01  3.55249405e-01
  -9.94646907e-01 -1.73332179e+00 -1.03962135e+00  5.92479563e+00
  -2.45330334e-02 -3.79119396e-01 -8.51252377e-01 -4.60380971e-01
   1.82987109e-01 -4.22363460e-01  3.25020015e-01  6.49783850e+00
   1.37319124e+00 -1.03330588e+00  2.85721636e+00  2.28868499e-01
  -2.60803670e-01  2.50099331e-01 -5.03824770e-01 -7.99953818e-01
   3.48550826e-01 -2.34011471e-01  3.51052761e+00 -3.42400932e+00
   8.82017612e+00  4.06202221e+00  4.61153889e+00 -2.14894980e-01
   9.25474465e-01 -1.85270607e+00 -2.39888892e-01  6.66199625e-02
   2.85648274e+00  1.15847111e+00  4.63328362e+00 -7.48816311e-01
   4.89241779e-01 -1.80593574e+00  3.56927574e-01  2.35022640e+00
  -2.34745479e+00  5.50556660e+00 -1.05376765e-01  4.69284391e+00]
 [-2.76505947e+00 -1.36792517e+00  4.14325863e-01 -9.36533809e-02
   4.10466385e+00  2.15678835e+00  7.01040804e-01 -5.81101418e-01
  -2.70934582e-01 -9.99311328e-01 -8.77260938e-02 -8.97871912e-01
   1.98853895e-01 -1.15740813e-01  5.89708164e-02 -1.34849310e-01
  -3.81143475e+00 -1.20150363e+00 -2.73847795e+00 -7.85920084e-01
  -1.99175131e+00 -2.75906038e+00  5.13630211e-01  7.87821889e-01
  -2.44452775e-01 -3.30399513e-01 -8.85494113e-01  1.34879380e-01
  -8.60778809e-01 -3.64119649e-01  2.91898191e-01  4.89210224e+00
  -3.98141623e-01  4.25547421e-01 -3.81005502e+00  7.67593563e-01
  -4.24517584e+00 -1.07996285e-01 -3.12784165e-01 -3.65006715e-01
   2.14490190e-01  3.10076140e-02 -1.56644392e+00 -4.03263950e+00
  -9.53158319e-01  7.10624647e+00  4.04089785e+00 -5.26378334e-01
   1.41757771e-01 -2.15411878e+00 -2.39001200e-01 -4.57437150e-02
   6.40008688e-01  6.86760139e+00  2.10296297e+00  1.50033608e-01
  -2.55030356e-02 -4.98326540e-01  1.62239063e+00 -2.39784986e-01
  -9.44438457e-01  1.48853111e+00 -9.60883051e-02 -1.95939994e+00]
 [ 1.70476675e+00 -2.70298314e+00 -1.44494200e+00  8.99613127e-02
  -5.85503626e+00  2.07181525e+00 -1.42062306e+00  1.60346493e-01
   1.42785788e-01 -4.95435387e-01  3.16049159e-01  3.30131680e-01
  -5.97355664e-01  2.53604919e-01  2.76592940e-01  5.65862477e-01
   2.28728008e+00  2.77336812e+00 -3.38952988e-01 -1.63191426e+00
   2.12278414e+00  1.80304325e+00  1.27849174e+00  7.83120096e-01
  -1.09692261e-01  8.47256541e-01 -7.90290952e-01  6.51319921e-01
  -1.21815336e+00  3.25624019e-01 -4.31884199e-01 -4.04027557e+00
   6.70523596e+00 -2.16097176e-01  1.36592495e+00  7.61891246e-01
  -2.35349908e-01  2.48494714e-01  6.33349895e-01  1.65679348e+00
  -2.89062262e-01  4.95940715e-01  5.68171978e-01  2.92861629e+00
  -1.45854769e+01 -6.11864805e-01 -2.24901104e+00 -6.39502287e-01
  -2.12392497e+00  3.46764159e+00  5.68659008e-01 -2.26262152e-01
  -3.10633212e-01 -6.46091604e+00  1.44321334e+00 -8.17139924e-01
  -2.87340379e+00  4.07997280e-01  9.66974080e-01 -7.91340590e-01
   4.30228233e+00 -1.07042217e+01  8.99582267e-01 -3.33583879e+00]][-0.02537119 -1.3111044  -0.5687815  -0.21176006 -0.62012345  0.03397361
  0.06210081 -0.0716741  -0.34471124 -0.2416485  -0.78474265]