[[-1.25492341e-03 -1.05635846e+00  8.83615434e-01 ...  3.79871249e-01
  -1.38051808e-01 -5.32830238e-01]
 [ 2.62074471e-02 -1.11087525e+00  6.74951017e-01 ... -9.87213016e-01
   1.11157790e-01 -8.79280984e-01]
 [ 2.55416214e-01 -5.85019402e-02 -5.48192978e-01 ...  3.61101389e-01
  -1.48995593e-01 -5.38120151e-01]
 ...
 [ 3.26253682e-01  1.23532784e+00 -1.94069278e+00 ...  3.17937493e-01
  -3.18902433e-02  4.04540859e-02]
 [-6.76365912e-01 -7.15879261e-01  1.90996265e+00 ...  5.82010210e-01
   1.73330829e-01 -9.33301672e-02]
 [ 2.22394451e-01 -6.53696716e-01  2.11069822e+00 ... -1.19087316e-01
  -5.24084270e-02 -1.23247337e+00]][[-0.11953265 -0.08800279 -0.42631355 ...  1.5252362  -0.30842122
  -0.04442254]
 [-0.10872714 -0.15057112 -0.5897541  ...  1.5961846  -0.09779362
  -0.07725944]
 [ 0.20982541 -0.06359883  0.03820251 ...  1.379803    0.21978156
   0.01661049]
 ...
 [-1.1629794   0.9841339   0.816431   ...  0.22152537  0.82442355
   0.6855452 ]
 [ 0.24932638  0.39157873 -0.2633805  ...  0.58766925  0.3815467
  -0.4537452 ]
 [ 0.04033824 -0.24969663 -0.39665782 ...  1.0692511   0.18508027
  -0.12370247]][-0.13403669 -0.45472816 -0.7809579  -0.686524    0.39241332 -0.15729652
 -0.33026487 -0.24235365 -0.00926637 -0.3579699   0.02544175 -0.43252185
  0.07829268 -0.25947833  0.15797196 -0.43765295 -0.2261587  -0.00953849
 -0.33936706  0.1810413  -0.18363483 -0.2959141  -0.6301948  -0.39122254
 -0.08733179 -0.11555065  0.20852666 -0.2283115  -0.57175374  0.3752783
 -0.22580081 -0.08347639 -0.39103493 -0.31750676 -0.8206084  -0.9330805
  0.17439002 -0.11860981  0.32933488 -0.35805786 -0.03171861 -0.16231225
 -0.24895895 -0.31128645  0.06265348 -0.24384958  1.1801604  -0.42570573
 -0.34753165  0.01232708 -0.38866478 -0.36420178 -0.3735274  -0.74787503
 -0.51435274 -0.69322103 -0.34838173  0.01221556  0.48435363 -0.07655516
 -0.04540879  0.40889603 -0.1232785  -0.3622398  -0.10687708  0.05367535
  0.33775404  0.6181011   0.15602235 -0.14629489 -0.28529438 -0.2696007
 -0.3183382  -0.01775296  0.3165601  -0.2810836   0.09899215  0.04859659
  0.17855582 -0.04422945  0.19045408  0.29404372  0.1315813  -0.13354602
 -0.13545492 -0.3323014  -0.07656894  0.18669017  0.31131294 -0.01487818
  0.2722827   0.3757263   0.19494826 -0.28618428  0.22018531  0.01577763
 -0.21341702 -0.4338772  -0.65873677 -0.8269448   0.45885968 -0.21023376
 -0.1675974  -0.3392553   0.08432987 -0.3071249  -0.3515506  -0.31088492
  0.19594423 -0.16088092  0.42615137 -0.4783256  -0.4072224   0.19426402
 -0.2624188   0.18602158 -0.50152194 -0.3892001  -0.6656359  -0.54265475
 -0.42748958 -0.15342334  0.42279017 -0.35126126 -0.30294445  0.24454908
 -0.08244382  0.12520939][-1.82473168e-01 -2.72164851e-01 -8.95847440e-01 -6.40336394e-01
  4.16761041e-01 -1.88505009e-01 -5.50851405e-01 -3.46447468e-01
  6.30200729e-02 -2.08566770e-01 -1.50301322e-01 -2.01282620e-01
  1.95651986e-02 -3.04443419e-01  1.00213334e-01 -5.11096358e-01
 -1.84572749e-02 -4.32251319e-02 -2.22188011e-01  1.35833889e-01
 -4.55674142e-01 -4.85583603e-01 -5.82002580e-01 -3.70703042e-01
 -1.09945431e-01 -1.21363319e-01  1.63217083e-01 -2.26901799e-01
 -4.45053935e-01  5.79285696e-02 -1.85533255e-01  8.77825692e-02
 -1.76650554e-01 -3.38964373e-01 -6.54185057e-01 -7.88679361e-01
  1.02731362e-01 -1.97363734e-01  2.37438887e-01 -3.61278057e-01
 -2.38173679e-01  1.38732754e-02 -4.63212639e-01 -5.55498362e-01
 -1.12153724e-01 -3.41740936e-01  1.18898630e+00 -6.27565444e-01
 -3.65453571e-01 -1.70401465e-02 -2.63103426e-01 -2.50614822e-01
 -4.19567019e-01 -5.42425573e-01 -6.60958409e-01 -6.28835917e-01
 -5.14438391e-01 -1.70054525e-01  1.80395097e-01 -1.93299860e-01
  1.54739290e-01  4.40536499e-01 -1.64507195e-01 -1.29460469e-01
  1.49644241e-01  1.81591645e-01  2.87431538e-01  4.21547443e-01
  3.12433362e-01  1.53935373e-01 -2.10858151e-01 -3.17286789e-01
 -1.57880157e-01  6.63579702e-02  1.54061407e-01  1.63618673e-03
  2.71522611e-01  6.32707626e-02  9.21543315e-02 -6.18654564e-02
  3.40820968e-01  2.85711467e-01  8.03461706e-04  1.19272165e-01
 -2.93669581e-01 -3.38622481e-01 -1.01246811e-01  2.74528921e-01
  2.13008180e-01  1.52954319e-02  1.46593258e-01  1.68579370e-01
  6.66457191e-02 -4.31782246e-01  7.60797560e-02  1.05083227e-01
 -5.99804670e-02 -5.49388587e-01 -5.49093902e-01 -8.48881841e-01
  6.02478981e-01  1.06387055e-02 -3.37947577e-01 -1.50584415e-01
  3.23641673e-02 -1.91896990e-01 -1.93273067e-01 -4.18650597e-01
  1.98701382e-01 -2.27177382e-01  5.08975983e-01 -6.08418584e-01
 -3.90833437e-01  2.55484581e-01 -6.40959516e-02  7.26610795e-02
 -5.69024920e-01 -6.06378853e-01 -7.56429076e-01 -3.72408718e-01
 -5.08843064e-01 -1.81414224e-02  4.75286305e-01 -1.65081009e-01
 -2.74088979e-01  2.20378920e-01 -7.03674257e-02 -1.09655075e-01][[-0.9145846  -0.6354827  -0.01424076 ... -0.5069389   0.09510182
  -0.24107969]
 [-0.05736324  0.16617909 -0.98262876 ...  0.42076087  0.07019241
   0.3525617 ]
 [ 0.4054697   0.34390706 -1.3421074  ...  1.2034392  -0.1712022
  -0.36472493]
 ...
 [-0.78396857 -0.18523395 -0.7230418  ...  0.27337405  0.06781489
  -0.03372315]
 [-0.17022374 -0.21278661 -0.02722017 ...  0.22112806  0.04651994
  -0.4563706 ]
 [ 0.08645146  0.7158025  -0.5143003  ...  0.01296891 -0.02452293
   0.31338617]][[ 5.65661252e-01 -2.18854874e-01 -5.05855441e-01 ... -1.10397339e-01
   1.68004468e-01 -8.96734372e-02]
 [ 3.54299575e-01  6.31708354e-02 -5.45987077e-02 ...  5.83080530e-01
  -8.48817050e-01  2.91949838e-01]
 [ 1.86984479e-01  3.66839975e-01  1.30563661e-01 ...  2.38073971e-02
  -1.12519121e+00 -2.87025034e-01]
 ...
 [-7.06512248e-03  2.49594316e-01 -1.85876057e-01 ...  1.48712945e+00
   7.93940008e-01 -1.01415500e-01]
 [-4.03202266e-01  1.22064635e-01 -4.37808805e-04 ... -1.51970282e-01
  -2.86836416e-01  3.58279236e-02]
 [-3.15373540e-01  5.95103383e-01  2.86217839e-01 ...  6.27969146e-01
  -4.10157055e-01 -3.71633053e-01]][-5.89158118e-01 -3.82143140e-01  5.88077642e-02 -7.08915293e-01
 -5.35396457e-01 -6.76872313e-01  3.60037014e-03 -6.21411085e-01
 -3.20670933e-01  1.81798227e-02 -7.06188560e-01  2.85396695e-01
 -4.84478533e-01 -4.75217327e-02 -5.51315963e-01 -7.31577218e-01
 -3.10524236e-02 -6.70799196e-01 -6.96927011e-01 -9.76486146e-01
  6.60885811e-01  1.15229085e-01 -4.41061795e-01  1.97735932e-02
 -2.35518202e-01 -6.90249085e-01 -5.89715123e-01 -6.40485406e-01
 -9.98306632e-01 -4.53137070e-01 -4.18542504e-01 -5.60637891e-01
 -6.16278172e-01  3.22767720e-02 -2.94222087e-01 -4.17929500e-01
 -2.12972954e-01 -5.66768885e-01 -1.83444560e-01 -7.96125472e-01
 -5.74202597e-01 -1.81482822e-01  5.34952939e-01 -5.71611702e-01
 -4.85893428e-01 -6.59269214e-01 -7.07070529e-01 -1.17208552e+00
 -3.73058468e-01 -7.97035873e-01 -1.70232281e-01 -8.95301342e-01
 -1.45667627e-01  2.06514835e-01 -7.86614195e-02 -4.75542873e-01
  5.91026470e-02 -1.64210349e-01 -5.78199744e-01 -3.94314140e-01
 -8.70160818e-01  6.42792106e-01 -5.96169233e-01 -3.54888141e-01
  8.54249075e-02  2.00048134e-01  2.78154284e-01 -5.62773980e-02
 -2.92003483e-01 -4.42920446e-01 -8.01745057e-02  2.71774620e-01
 -4.99435902e-01 -3.15057188e-02  1.72617868e-01  4.06664670e-01
  3.53912920e-01  1.10003464e-01 -1.11534961e-01  2.85702068e-02
  1.66665077e-01  1.57885566e-01  8.12292472e-02 -4.02802937e-02
 -4.30370688e-01  2.60056347e-01 -1.67001337e-02 -3.38282913e-01
 -2.84631282e-01  2.00454608e-01 -2.08891124e-01 -3.70143950e-02
 -1.57196701e-01 -1.29989937e-01 -4.36556153e-02 -3.07325631e-01
 -4.29152340e-01 -1.38749769e-02 -6.04291097e-04 -5.67780375e-01
 -2.17958480e-01 -7.48680353e-01 -3.35935131e-03 -1.01496935e+00
 -1.74790382e-01 -1.01034254e-01  4.67808574e-01 -2.24257782e-02
 -6.04646802e-01  4.11083788e-01 -6.68176830e-01 -9.80269313e-01
 -2.07723528e-01 -6.01196170e-01  4.08534966e-02 -1.19775140e+00
  5.83159745e-01  4.73285951e-02 -3.50951105e-02  1.09653562e-01
 -3.99017483e-01 -5.18051088e-01 -4.12150502e-01 -5.10408282e-01
 -6.78991139e-01  1.10246450e-01 -2.30934575e-01 -2.20738694e-01][-0.5404462  -0.14680167 -0.03602232 -0.7216961  -0.36834532 -0.84720314
  0.04172284 -0.6117039  -0.4039428   0.05671468 -0.69960856  0.19608465
 -0.22617103 -0.07861865 -0.6041836  -0.988763   -0.12167066 -0.59024936
 -0.7499079  -1.0185902   0.62798786  0.15070574 -0.47836667 -0.02024264
 -0.4664708  -0.63574976 -0.42387658 -0.7359259  -0.84716725 -0.4190158
 -0.1976058  -0.5786479  -0.7688854  -0.07898203 -0.2959036  -0.5036246
 -0.24294944 -0.6375074  -0.03202463 -0.9804884  -0.41619566 -0.42219913
  0.4209174  -0.67084414 -0.2776319  -0.5676849  -0.8712261  -1.0396221
 -0.44295204 -0.93723935 -0.04595725 -0.9196942  -0.06342513  0.10606162
  0.05479138 -0.46634534 -0.02251064 -0.20347025 -0.631747   -0.56514597
 -0.85449433  0.78024405 -0.6184535  -0.35689938  0.03313624  0.1814015
  0.2699332   0.09165307 -0.24224517 -0.32176054 -0.01983041  0.19354959
 -0.4014218  -0.26853383  0.0286906   0.5672981   0.34796914 -0.14012188
 -0.27174398  0.013718    0.07890633  0.4000034   0.02190304 -0.24781832
 -0.23231961  0.28038886  0.03984543 -0.05483682 -0.10395952  0.11635561
 -0.24237527 -0.1392604   0.02510289 -0.33890247 -0.00138627 -0.557961
 -0.3887399   0.10108426 -0.13918267 -0.79682255 -0.2032196  -0.74135363
  0.07486536 -0.9129301  -0.02719038 -0.30039492  0.41236869 -0.08810408
 -0.79074895  0.4369637  -0.6127999  -1.1196064  -0.04046419 -0.5963943
  0.04754316 -1.1211654   0.6699106   0.26667485 -0.13184127  0.084286
 -0.35766575 -0.5150557  -0.46954012 -0.35637146 -0.5742544   0.10488006
 -0.45912606 -0.23403923][[ 0.05614645  0.74998504 -0.51612264 ... -0.99083346 -0.23552465
  -0.33410925]
 [-0.15099642 -0.18660633  0.14423196 ...  1.1412495   1.3268031
  -0.70388734]
 [-0.07016237  0.2530991   0.59541696 ... -0.876582    0.06695151
   0.55392265]
 ...
 [-0.00500302  0.07626733 -0.37269074 ... -0.5868676  -0.20399815
  -0.59929276]
 [-0.05251912 -0.02246177  0.1210308  ...  0.4356059   0.5141822
  -0.6671574 ]
 [-0.27102593  0.47915724  0.08182657 ... -0.27102166  0.2777035
  -0.46788338]][[ 1.6794382   0.08696187  0.30985796 ...  0.9633811  -0.34318116
  -0.02732391]
 [-0.0607374   0.01792049 -0.04208201 ... -0.43178874  0.0755406
  -0.6005959 ]
 [ 0.09093776 -0.27419487 -0.98081017 ...  0.69811076 -0.2468075
   0.4010759 ]
 ...
 [ 0.20848003 -0.21515623 -2.03895    ... -0.04482992 -0.7023811
  -0.00895766]
 [-0.22712684  0.38231915  0.03999214 ... -0.63889956 -0.1343072
  -0.6288479 ]
 [-0.564129    0.52754074  0.7138762  ... -1.0279759   0.14831023
  -1.0860485 ]][-3.75796407e-01  3.47848058e-01 -4.60274220e-01 -1.68252379e-01
  5.72562039e-01  2.32264861e-01  2.71520495e-01  1.72966331e-01
  1.02116024e+00  3.02562714e-01  4.80766237e-01 -7.64298588e-02
  5.92647530e-02 -5.08916140e-01 -1.01150118e-01  2.46531412e-01
  1.42354220e-01  2.90770888e-01 -1.99846610e-01  1.02493656e+00
  6.07759617e-02  6.76173389e-01  1.62432060e-01  2.00311631e-01
 -8.39586437e-01 -3.20740581e-01 -7.91904807e-01 -6.78183496e-01
 -1.59618542e-01  5.76351024e-02  4.23519582e-01 -2.60185190e-02
  3.39863524e-02 -2.78249860e-01  8.57135132e-02 -1.07198387e-01
  1.07331462e-01 -3.04263178e-03  2.05318749e-01 -2.57553458e-01
 -3.23242784e-01  6.28388166e-01  3.77812684e-02 -3.00164551e-01
  2.21947923e-01 -2.19571695e-01 -4.48353648e-01  1.64396569e-01
 -8.04786325e-01 -4.70892992e-03  2.24017784e-01  6.53853059e-01
 -3.57316643e-01 -5.21386415e-02  1.78537577e-01  5.65519154e-01
  4.47618812e-01 -1.45817101e-01  7.45635867e-01 -6.19692802e-01
  1.33400977e-01 -1.24865510e-02 -4.15261775e-01  3.76489192e-01
 -5.43703020e-01 -1.55319527e-01  2.71061361e-01  1.99992657e-01
 -2.72049401e-02 -5.96791431e-02  3.04478705e-01  4.80662137e-01
  8.53920341e-01  3.10731024e-01  4.20252889e-01  2.87544549e-01
  4.30811614e-01 -7.33829916e-01  2.94893861e-01  5.44059038e-01
  6.65912569e-01  3.24849993e-01  8.34370971e-01 -9.50877488e-01
  2.53808022e-01 -4.49230783e-02  1.07896471e+00  7.85289109e-01
  2.42275462e-01 -1.26186227e-02 -4.25707027e-02 -7.27750182e-01
 -2.37572461e-01 -4.26235050e-01  2.88796842e-01  6.49585351e-02
  1.06997870e-01 -1.93663642e-01 -2.58263022e-01  8.38126123e-01
  4.57964361e-01  4.10308838e-01  6.52713656e-01  1.31688327e-01
  3.85919102e-02  6.25492781e-02  3.49023283e-01  5.42157114e-01
  8.78842399e-02  1.54046938e-01  3.03383321e-01 -3.32449079e-02
  5.63499987e-01  2.13054478e-01 -6.91473186e-01 -5.91239035e-02
  6.90378785e-01 -1.17033767e-03  4.39503670e-01  6.58425510e-01
  4.35113698e-01 -4.28300858e-01 -5.64916909e-01  1.16545707e-01
  5.76902151e-01  1.10764110e+00 -6.56259954e-01  2.49382555e-01
 -1.42422050e-01  4.22752947e-01  2.48014212e-01  1.85862109e-01
  2.44017527e-01 -2.72825271e-01 -4.50354218e-01 -1.69919088e-01
 -5.74564278e-01 -9.27839503e-02 -1.61567941e-01 -2.83284068e-01
 -2.84117848e-01 -2.62844384e-01  2.25871563e-01  8.08920246e-03
  6.14312708e-01  3.10327411e-01  1.05835289e-01  4.99627084e-01
  6.09754860e-01 -7.04310417e-01  3.06613624e-01  1.90875441e-01
  8.98181498e-02  4.66775894e-01  4.67887558e-02  2.33875394e-01
  3.51797938e-01 -2.59421349e-01 -2.95967221e-01  2.98096836e-01
  4.92547780e-01 -7.27231652e-02 -8.65146041e-01 -5.63427567e-01
 -2.18653396e-01  2.28250697e-01  3.95670384e-01  2.37676695e-01
 -3.30417417e-02  1.31624192e-01  3.21088314e-01 -2.16213748e-01
 -6.82852268e-02  2.90462583e-01  5.91327667e-01 -4.49753791e-01
 -1.03201270e+00  1.79837225e-03 -3.01841855e-01 -5.09975195e-01
  3.92581373e-02  2.51469553e-01  4.74139273e-01 -4.50031936e-01
 -7.01728106e-01  4.43311155e-01 -5.05503297e-01  2.30715349e-01
 -7.83546790e-02 -2.08865806e-01  5.17508090e-01 -1.85010061e-01
 -3.04536577e-02  4.87741560e-01 -4.21027780e-01 -5.54698169e-01
  3.48052233e-01  1.16738605e+00 -5.05233467e-01 -1.83130763e-02
 -9.75034982e-02  2.72252977e-01  1.90409869e-01 -2.75485605e-01
  3.43078107e-01 -5.27509391e-01 -7.87125289e-01 -5.80378652e-01
 -2.17902008e-02  5.59721112e-01  1.19543850e-01  3.00616734e-02
 -2.13159919e-01 -2.73872972e-01  3.03750247e-01 -3.29450965e-02
 -3.79204363e-01 -2.33558804e-01 -3.92561972e-01 -9.40729439e-01
 -3.53627086e-01 -2.15594739e-01  6.27054870e-01 -1.48508161e-01
 -2.34247550e-01  9.37840044e-02 -2.52870470e-01 -1.15323633e-01
  2.54736483e-01 -2.86255956e-01 -1.51524499e-01 -5.98803818e-01
 -1.74023449e-01  5.93051076e-01 -5.01726568e-02 -7.97088742e-01
  2.15314776e-01 -1.64187491e-01 -6.64000154e-01  1.14226654e-01
 -2.33085304e-01 -3.16319555e-01 -5.97056091e-01 -6.57607794e-01
  3.35812747e-01 -1.53634027e-02 -8.05799812e-02  8.49773169e-01
  1.59239452e-02 -1.38676852e-01 -5.13626635e-02 -1.34430194e+00
  7.24058226e-02 -1.54837579e-01  8.55824072e-03  6.12208605e-01][-0.14964975  0.27547467 -0.29236773 -0.08693366  0.57228464  0.24667744
  0.28829604  0.16156033  0.9698845   0.3232748   0.3988037   0.00652051
  0.11454163 -0.6299911   0.12048451  0.07167956  0.28081515  0.12035517
 -0.08941639  1.203108   -0.06892648  0.55615485  0.23334809  0.18654062
 -0.99028987 -0.26916033 -0.6167628  -0.5867529  -0.29566798  0.12129819
  0.5263002   0.06912888  0.04923145 -0.239797   -0.08381977 -0.04421053
  0.21134731  0.21189569  0.13988572 -0.40130472 -0.46954486  0.3869839
  0.17720065 -0.22773322  0.21310164 -0.42380485 -0.40660498  0.0096291
 -0.5835588   0.07923736  0.4471993   0.5895804  -0.1803718   0.0091573
  0.14747326  0.60476047  0.39688078 -0.04677663  0.8810996  -0.66555816
  0.1178771   0.06961153 -0.45743343  0.341199   -0.46384683 -0.07266229
  0.08506645  0.31402588 -0.02815701 -0.02256886  0.264016    0.5363477
  0.82420933  0.20812503  0.32182857  0.20477863  0.37815097 -0.72555363
  0.27028614  0.728912    0.7662088   0.4552001   0.8781809  -0.91075164
  0.09899326 -0.24303806  1.1867776   0.9166016   0.12003314  0.06789177
  0.04480805 -0.7144139  -0.20016444 -0.2716957   0.24809417  0.02997563
  0.18044145 -0.07200833 -0.3428611   0.72995955  0.3798449   0.2932508
  0.6579741  -0.0644523   0.042543    0.04333584  0.37432173  0.47666067
  0.2771676   0.12433559  0.3464937  -0.01642711  0.43635565  0.28313616
 -0.7273963  -0.18379542  0.58165133  0.1317673   0.48809177  0.60283285
  0.39811423 -0.40621287 -0.4777593   0.14917684  0.54823196  1.0296589
 -0.51780087  0.29691264 -0.22604826  0.38867703  0.02773515  0.13389902
  0.38255113 -0.2396241  -0.33506677 -0.02608824 -0.58040065  0.06793592
 -0.17947818 -0.28803006 -0.36872336 -0.41451156  0.11542    -0.10528751
  0.555271    0.30005383 -0.07849725  0.47358868  0.6955758  -0.5860832
  0.36901873  0.36800307 -0.02623865  0.4845339  -0.05838811  0.2788325
  0.13159636 -0.4061149  -0.12544885  0.38009712  0.36205348  0.04699766
 -0.8078681  -0.5431657  -0.3392065   0.21708576  0.18605205  0.38188997
  0.01570821  0.22030152  0.198869   -0.14815502 -0.19245334  0.41060895
  0.48927286 -0.41446063 -1.0483032  -0.06055835 -0.3155201  -0.4395255
  0.03484603  0.18807335  0.55899113 -0.42252952 -0.7289784   0.63212764
 -0.5590112   0.07045272 -0.13465995 -0.15245776  0.4674314  -0.04101593
 -0.14517088  0.54155326 -0.34798962 -0.42561978  0.26828468  1.1009083
 -0.6075586   0.03243663  0.08808766  0.3594395   0.16578041 -0.3104032
  0.37227544 -0.51564765 -0.6819044  -0.48835194  0.16413735  0.46609563
  0.08926879  0.07366233 -0.1861079  -0.16487874  0.27863625  0.00419461
 -0.5223303  -0.21528146 -0.39707214 -0.7222536  -0.39770406 -0.3378894
  0.7421728  -0.20667829 -0.23520584  0.00888627 -0.0589156  -0.06590486
  0.09519824 -0.14490382 -0.21973525 -0.66318214 -0.09720694  0.48650995
 -0.17618078 -0.5806231   0.26055375 -0.10953277 -0.6069002   0.2525907
 -0.12096781 -0.16625278 -0.47722203 -0.6559591   0.5022717   0.22782353
  0.07659365  0.74441326  0.04279596 -0.2510114   0.01859066 -1.5446929
  0.10995144 -0.17741969 -0.00489575  0.7246056 ][[ 1.1979494   0.36751434  0.26244116 ...  0.6570605  -0.02578559
  -0.6657918 ]
 [ 0.13864353 -0.31479362  0.3687538  ...  0.622507    0.14505011
  -0.5343617 ]
 [ 0.62329257 -0.17967777  1.0084922  ... -1.7224665  -0.3978276
   0.8143043 ]
 ...
 [ 0.15859991 -0.38336056 -0.6629677  ...  0.04817086  0.16248854
  -1.1050127 ]
 [-1.1340545   0.04050134 -0.2945217  ...  0.2844753  -0.34310743
   1.5479326 ]
 [-0.06685825 -0.91710174  0.45463452 ... -0.25575504 -0.5535456
   0.77516526]][ 0.2536922  -0.05591505 -0.1591033   0.21941175  0.39219114  0.18253094
 -0.28042546  0.48760974 -0.48717913 -0.61280465][[ 0.37550962  0.6511782  -0.6001843   0.8200689   0.7735182   0.41215026
  -0.67823756  0.60094523 -0.24207166 -0.5779404 ]][0.7999811][[ 1.07646322e+00 -1.32836401e+00  4.07473445e-01 -2.36934885e-01
   6.60938397e-02 -3.70551169e-01  3.94555181e-01  3.05506922e-02
  -5.65774500e-01 -7.57785499e-01 -7.83374429e-01  1.91644102e-01
   3.82428318e-01  9.52805698e-01 -1.81100816e-01 -3.49567682e-01
   7.18908310e-02  4.73726302e-01 -5.05085588e-01 -8.03676426e-01
   6.44653261e-01  1.02815735e+00 -1.37376590e-02 -3.04464638e-01
   7.30036199e-01 -1.62729129e-01 -5.15925467e-01 -7.18343630e-02
  -1.12484968e+00 -4.71709579e-01  1.27907991e-01 -1.80354133e-01
  -1.11282849e+00  6.90810740e-01  9.15761411e-01  3.55686426e-01
   6.95727646e-01  1.42455471e+00 -4.03125376e-01  4.71712463e-02
   4.37417060e-01 -3.10803413e-01 -3.16190422e-01  2.02768698e-01
  -1.39035564e-02 -6.41565621e-01 -6.63882732e-01  4.72258866e-01
   4.85411644e-01 -9.70262766e-01  6.27253726e-02  6.83732182e-02
  -3.91573548e-01  5.64845562e-01 -5.94645999e-02  2.44330674e-01
   5.93581684e-02 -2.68701650e-03  7.64985204e-01  3.98981065e-01
  -2.74343401e-01  7.63379633e-01  5.86930513e-01  5.65294147e-01]
 [ 1.01821518e+00 -1.27484471e-01  1.16868846e-01  2.38550258e+00
  -1.58259735e-01 -1.05503750e+00  1.34223092e+00  3.55162203e-01
  -5.78759909e-01 -2.30626917e+00  9.54392135e-01  6.78123236e-02
   7.34028161e-01  6.71850026e-01  1.30711126e+00  1.36338294e+00
  -1.15767367e-01  1.84096837e+00  1.05090439e+00  2.76442695e+00
  -8.31746042e-01 -1.61608309e-01  1.10625756e+00 -7.79175639e-01
  -9.94359493e-01  1.04247403e+00 -3.84393752e-01 -6.04763269e-01
  -1.60079515e+00  1.34678352e+00  7.03032613e-01 -1.08424246e+00
  -1.28022182e+00 -6.42384231e-01  2.86781907e+00  1.38169622e+00
   1.21680331e+00 -5.92411518e-01 -1.21258080e+00  1.20817438e-01
   1.79975557e+00 -1.07040489e+00 -5.24589002e-01  4.76667315e-01
  -4.58083808e-01 -1.31194603e+00 -3.36343503e+00  3.30510944e-01
  -1.07578373e+00  2.06247735e+00 -1.08390522e+00 -3.39875007e+00
   7.38075376e-01  4.10894632e-01 -1.29395926e+00 -4.45803910e-01
   2.08756018e+00 -6.92100763e-01 -3.50553058e-02  3.88096720e-02
   2.63579756e-01  1.11812067e+00  2.44230237e-02  6.34181976e-01]
 [-4.01868105e-01 -1.01234055e+00  8.16231728e-01 -1.86928415e+00
   7.45817423e-01  1.19172764e+00  3.45077544e-01  2.82964438e-01
   1.02466263e-01 -4.09300745e-01  7.75745749e-01  4.47639406e-01
  -5.95848620e-01  1.32922322e-01  1.58523095e+00 -5.59803665e-01
  -2.86505967e-02 -3.12890202e-01 -5.93174636e-01  9.14471686e-01
  -4.12588596e-01  1.12909722e+00 -4.92834508e-01  8.14054787e-01
   3.71240997e+00  1.35143816e+00 -3.11707050e-01  3.42976898e-01
  -3.24431807e-01  8.29877794e-01 -5.18363059e-01 -1.01784015e+00
  -2.44728398e+00 -2.35040617e+00  2.40699720e+00  1.34647679e+00
   1.89719945e-01 -3.13659042e-01 -1.78784084e+00  3.07429373e-01
  -1.26597524e-01 -5.09310722e-01  1.47111908e-01 -4.27301794e-01
  -8.26094329e-01 -1.07906961e+00 -2.02494979e+00  3.19477618e-01
   1.72921598e+00  5.99711239e-01 -9.08788025e-01 -1.43930399e+00
   1.33757567e+00 -7.29598701e-01  4.20628726e-01  2.47855023e-01
   6.60181105e-01 -2.30270978e-02  6.82044685e-01  1.30381715e+00
   1.74775326e+00  2.74269009e+00  1.96929127e-01 -2.13409328e+00]
 [-6.53614104e-01 -2.38851070e-01  2.91220021e+00 -1.69499606e-01
  -4.17127550e-01 -1.62399602e+00 -1.20708954e+00  4.16745305e-01
  -3.07908559e+00  1.00583494e+00 -3.09498996e-01 -8.78279030e-01
  -8.69162560e-01 -1.77241459e-01  9.02609766e-01 -8.27410161e-01
  -1.39881957e+00 -3.75325108e+00 -2.63808870e+00 -1.59854019e+00
   1.87588856e-01 -2.05331850e+00 -5.95642984e-01  3.27110815e+00
   1.47558236e+00 -5.84966600e-01 -2.11581007e-01 -2.61411476e+00
   1.19476008e+00 -1.54644418e+00 -9.16525960e-01  2.87963748e+00
   4.44165230e-01  1.57385314e+00 -3.11653942e-01 -5.82402647e-01
   1.61048159e-01 -1.30852258e+00  5.89751422e-01  1.10001147e-01
  -1.04608011e+00  6.11192048e-01  3.96610498e-01 -4.82053548e-01
   4.50917125e-01 -1.27221680e+00  1.13787091e+00 -6.02245212e-01
  -9.99363661e-02 -1.77244771e+00  3.08654875e-01  2.54851532e+00
  -6.70246422e-01  4.17414522e+00  6.08317137e-01  4.65938807e+00
   5.86187124e-01  1.28792787e+00  1.15737200e+00  4.94556218e-01
  -8.46203685e-01  6.83818400e-01  6.21053874e-01 -3.04871172e-01]
 [ 1.81925094e+00 -1.58331072e+00  1.17775716e-01  5.68563826e-02
  -1.74075782e+00 -1.86213458e+00  9.61504206e-02 -2.65141636e-01
  -1.41793251e+00  1.49810565e+00 -2.25251222e+00  3.13277431e-02
  -1.94453403e-01  3.16148162e-01  4.65784937e-01 -5.46973467e-01
  -1.92176020e+00 -1.05787718e+00 -6.42865062e-01 -8.69414389e-01
  -1.22074477e-01 -1.87834597e+00  1.15904570e+00  2.27360058e+00
   9.96475339e-01 -4.33448136e-01  1.29606221e-02  5.23553014e-01
  -2.97406793e-01 -1.22220802e+00  6.00128531e-01 -6.61594689e-01
  -1.55164135e+00  1.33055222e+00  4.93133068e+00  6.82705760e-01
  -1.35429621e+00  8.73858333e-01 -4.13699925e-01 -7.34998167e-01
   1.53259683e+00  2.11354092e-01 -1.94643717e-02  5.20248830e-01
  -1.21003389e-01  1.22257733e+00  4.12206829e-01 -1.24088824e+00
   5.07204950e-01  4.40752208e-02  1.19867492e+00 -1.06868243e+00
   7.75256693e-01  9.05043960e-01  2.76935983e+00  2.83420175e-01
   1.93331420e+00 -9.48096275e-01 -8.59436512e-01 -1.88515294e+00
  -4.29054737e-01  1.56304061e+00 -2.47245505e-01  1.16465855e+00]
 [ 1.26593605e-01 -1.85950589e+00  1.48818001e-01  2.34250486e-01
  -2.25407764e-01 -8.43155384e-01  8.01098824e-01 -1.66064445e-02
   3.45368433e+00  3.32042515e-01  2.33767462e+00  2.42297292e-01
   1.57097012e-01  1.80507314e+00 -8.81951034e-01 -3.97924095e-01
  -1.06394506e+00 -2.46048641e+00 -1.03851452e-01 -1.65066853e-01
   8.36455464e-01 -1.42178929e+00  4.84845370e-01 -9.14885044e-01
   1.27982264e-02 -1.52015698e+00 -3.35708618e-01  9.84031379e-01
  -3.65167022e-01  4.47910696e-01  4.71568763e-01 -6.40729427e-01
   7.97812164e-01  1.18144083e+00 -3.18628812e+00  1.47462636e-01
  -1.51804820e-01  7.47802556e-01  2.11381540e-01 -4.96794611e-01
   1.35713577e+00  2.07496941e-01  5.13618477e-02 -2.70741415e+00
   2.37564063e+00  2.78590530e-01 -1.02107203e+00 -5.13334930e-01
  -2.66020477e-01  1.32751012e+00  1.24728405e+00 -1.06887293e+00
   1.81758511e+00 -8.57630908e-01 -1.53828442e+00  2.45166793e-01
   7.07820833e-01 -4.36123222e-01  4.40338552e-01 -3.80705208e-01
  -7.35178292e-01 -7.12569430e-02  8.59814510e-03  1.28106761e+00]
 [-5.38914621e-01  8.05565596e-01 -1.44068611e+00  4.78190631e-02
   3.27374148e+00 -1.54027212e+00 -2.85663426e-01 -5.15772879e-01
  -1.01060271e+00  2.57218218e+00 -7.35162854e-01  6.56676292e-02
  -1.05621874e+00 -1.24461818e-02  2.75664568e-01 -4.01255816e-01
   3.10985327e+00 -1.12867467e-01 -6.01717615e+00 -1.21555305e+00
  -3.12498182e-01 -1.43856680e+00  7.68749714e-01  9.86018300e-01
   8.78477320e-02 -5.98575115e-01  7.53537953e-01  7.09839642e-01
   6.72023952e-01 -1.40435863e+00 -1.00294375e+00  1.91755235e+00
   9.44948137e-01 -3.89392488e-02 -1.12287402e+00 -1.20740438e+00
  -7.28616178e-01  5.29441547e+00  1.46421707e+00 -8.78681764e-02
   1.15707123e+00  2.79400051e-01  8.62785578e-01 -1.60891140e+00
   7.37497747e-01  9.93915617e-01  9.28353548e-01 -2.77794182e-01
  -6.05775177e-01  2.06597716e-01 -1.86673731e-01  7.19683707e-01
   2.45887384e-01 -4.99422431e-01  2.84390777e-01 -2.00785667e-01
  -2.41869116e+00  3.67835611e-01 -1.16299891e+00  9.21062410e-01
  -1.19601536e+00  1.10400343e+00  1.28238845e+00  5.66772997e-01]
 [ 6.88795149e-01  2.32109118e+00  5.98974824e-01 -7.80447781e-01
  -4.68211979e-01  9.65639591e-01 -1.19152379e+00 -7.29865074e-01
  -2.53903222e+00 -9.58867967e-01 -1.42573142e+00 -1.55847654e-01
   4.66924608e-01 -4.99048606e-02  1.65034711e+00 -1.76756597e+00
  -7.03672707e-01  2.86946750e+00 -1.10414720e+00 -1.23064172e+00
   2.10531861e-01  1.71286857e+00 -2.27306083e-01  1.41640961e+00
   6.79183781e-01  4.51321423e-01  3.92822683e-01  2.92742401e-01
  -4.76159155e-01 -3.49608868e-01  6.57299578e-01 -3.58916593e+00
   2.93435175e-02 -4.88429993e-01  2.17728305e+00 -3.05036604e-01
   3.24727893e-01  2.00147796e+00  8.19498301e-01 -8.75628829e-01
   2.37941194e+00  1.69052243e+00 -2.82971025e-01  6.61467314e-01
   3.45236659e-01  2.88213611e-01 -2.36711121e+00  1.04652095e+00
  -7.01476574e-01 -1.41594470e+00  2.72097886e-01 -1.55404255e-01
   2.30398476e-01 -5.24765730e-01 -8.65031704e-02 -5.51456928e-01
  -1.22294080e+00 -5.35669088e-01  9.55884933e-01  4.53610718e-01
   6.67402089e-01  9.68515694e-01  2.16536105e-01  1.30986512e+00]
 [ 3.08401012e+00  7.35307336e-01 -7.49864519e-01 -4.91897583e-01
  -1.56810415e+00  3.96875381e-01  1.12345421e+00  6.05873764e-01
  -4.20969605e-01 -1.03430438e+00 -7.22464442e-01  5.79054236e-01
   5.27608216e-01  1.22444510e+00 -6.80767894e-01  4.71143067e-01
  -1.01476085e+00  1.33144879e+00 -1.12596713e-01  1.74432540e+00
  -2.67542213e-01  4.78153527e-01 -3.12302560e-01  1.47978628e+00
   1.05778897e+00  2.17504069e-01 -1.39970616e-01 -3.01179838e+00
   7.93676615e-01 -1.13599740e-01  7.44068399e-02  6.72203302e-01
   1.07989717e+00 -2.78792344e-02  7.63750136e-01  8.85332823e-02
   2.19536424e+00 -1.39226747e+00  5.12443483e-01 -3.69182020e-01
   1.92824483e+00  1.30003750e+00 -3.78024161e-01 -7.56095111e-01
   8.59407604e-01 -1.32586944e+00 -9.03153300e-01 -1.03164926e-01
   1.81639922e+00 -1.06859338e+00  1.31406188e+00 -9.00834143e-01
   1.00329868e-01 -4.12140131e-01  7.63822421e-02 -2.73882806e-01
  -2.75608808e-01  1.31123555e+00  2.75124454e+00  1.33429348e-01
  -3.01598430e-01 -8.28074217e-01 -7.80707836e-01  5.63127935e-01]
 [-3.24702531e-01 -7.24984646e-01 -7.90437698e-01  6.14583433e-01
  -2.53410006e+00 -6.81531370e-01  9.43990588e-01 -1.09302449e+00
   4.71503168e-01 -7.54543662e-01 -9.87824023e-01  1.36896133e+00
   6.63225710e-01  8.38510990e-01 -8.81887734e-01  3.24981838e-01
  -2.55226302e+00 -1.28182006e+00 -1.37031341e+00  9.45858300e-01
   4.68648463e-01  1.37049460e+00  4.65547830e-01  1.63297560e-02
   2.31002092e+00  4.07890946e-01 -1.15475976e+00 -1.70335248e-01
   3.12201768e-01  2.01073337e+00 -8.21506321e-01  2.69370008e+00
  -9.27486002e-01 -5.54643452e-01 -1.06488883e+00  1.76404464e+00
   2.18881798e+00  1.02517855e+00 -6.57481194e-01  2.30909526e-01
   1.69970107e+00 -9.84635115e-01 -6.87539101e-01 -7.50960112e-01
  -5.83840728e-01  1.34173656e+00  3.82244563e+00 -1.94511306e+00
   1.12442577e+00 -1.41746163e+00  2.58258724e+00  2.49902344e+00
  -2.14547610e+00 -7.03858614e-01  1.89770854e+00 -2.91830063e-01
  -1.71528864e+00 -6.98672473e-01  6.18870258e-01  1.43522084e-01
   2.91809551e-02 -1.18979990e+00 -4.62637573e-01  2.61294556e+00]
 [-3.03060651e-01  1.62350282e-01  8.93930256e-01  2.46740866e+00
  -9.81563509e-01  9.55538213e-01 -2.75473595e-01 -2.99063176e-01
  -1.62455678e+00 -7.83555686e-01  9.79715705e-01  7.68567264e-01
  -1.19727276e-01  9.64450538e-01 -1.81050754e+00 -1.33634955e-01
  -9.23860908e-01  1.24831843e+00 -3.29767525e-01  2.14835095e+00
  -1.02788126e+00  1.12437809e+00 -2.77584815e+00 -2.38435769e+00
  -7.25226521e-01 -5.43378067e+00 -1.33140123e+00 -3.58496942e-02
  -5.55077553e-01  6.47314727e-01  4.81321663e-01 -5.97355604e-01
  -3.35927892e+00 -1.58685815e+00  3.16800594e+00  8.47766995e-01
   1.50434673e-01 -8.28853726e-01 -3.52521032e-01  1.48380470e+00
   4.55196738e-01 -8.03592086e-01  2.44579792e-01  1.24714386e+00
  -1.51245940e+00 -7.62223542e-01 -5.38390934e-01  2.23851517e-01
  -9.99749422e-01 -2.75367165e+00 -2.31094122e+00  1.57186314e-01
  -1.22604597e+00  1.86806321e+00  1.00284243e+00  2.11862469e+00
   5.12378275e-01  2.82278121e-01  2.64290881e+00 -2.22463846e-01
   1.45227522e-01  2.36316696e-02 -6.86301053e-01 -1.14539587e+00]][-0.01847557 -1.3839399  -0.21625875 -0.8955425  -0.345822    0.00772251
 -0.2843362  -0.66747195 -0.35400465 -0.7243383  -0.24766342]