[[ 0.09108362 -0.07803047 -0.03425651 ... -0.17275225  0.10958751
   0.04948886]
 [ 0.16773325  0.11669027 -0.1610679  ...  0.0549788  -0.11427195
   0.1146706 ]
 [ 0.10732814  0.15677027 -0.09909388 ...  0.05682788 -0.13256048
   0.03519161]
 ...
 [-0.11610866  0.0228143   0.01045394 ...  0.1075896   0.05402169
  -0.0194484 ]
 [ 0.00626431 -0.08603148 -0.01412886 ...  0.03940983 -0.02034293
   0.08421527]
 [-0.04281943 -0.03961678 -0.01848404 ...  0.15486501  0.04087739
  -0.14397869]][[-0.04637104 -0.01032861  0.06017477 ...  0.0496924  -0.04857607
  -0.06420263]
 [ 0.07294093 -0.14170766 -0.1415775  ... -0.12381924  0.12520684
   0.08754451]
 [ 0.08296518  0.05883475 -0.07426612 ...  0.05154171  0.11535421
   0.05622171]
 ...
 [-0.0182895  -0.00600046 -0.15495709 ...  0.10015536  0.09911274
   0.05359775]
 [ 0.12892848  0.08147345 -0.04934595 ... -0.11061636 -0.02003018
  -0.11211301]
 [-0.09705372  0.01909455 -0.03544985 ...  0.11093001  0.04496021
   0.00881783]][-0.02329066 -0.03194139 -0.12411082 -0.11883029 -0.10187472 -0.15181799
 -0.08016258  0.17593609 -0.00871763 -0.02554531  0.03525315  0.10505561
 -0.00106786 -0.11482967 -0.07602414 -0.15132207  0.10411753  0.05961633
 -0.05492119 -0.11260229 -0.01423736 -0.03535583 -0.12578502  0.1043635
 -0.17168227 -0.05348278 -0.17511776  0.14816724 -0.17236222  0.09728966
  0.12441555 -0.08046211  0.03008227 -0.01770445 -0.07282046 -0.03792834
 -0.01751332 -0.13240372 -0.16603689 -0.15329623  0.16126154  0.04570251
 -0.08068039  0.07127061 -0.12300098 -0.12661994 -0.17210224  0.0248899
  0.06313056  0.09709128  0.1435634  -0.07265333 -0.00241868  0.08289213
  0.10056255  0.12734795 -0.01963032  0.08780494  0.06113238 -0.15944958
  0.07036555  0.10112156 -0.04031225  0.10991092  0.02762592  0.15574802
 -0.03879375 -0.07000411 -0.16517764 -0.14888768  0.01270595  0.14613311
 -0.03399258 -0.02107158 -0.07868934  0.08404152 -0.058725    0.11781848
  0.07811026 -0.09702165 -0.14036454  0.02523405  0.07034142 -0.10767263
  0.14187355  0.06743267 -0.05386928  0.05648714 -0.16126256  0.16294672
  0.06459615  0.0974597  -0.07677066 -0.02301012  0.09947314 -0.07154014
 -0.11744018 -0.15044114 -0.03555731  0.02301546 -0.05532861 -0.14748798
  0.15271215  0.04991836 -0.10007734 -0.06087277 -0.15413357  0.05499732
 -0.17221259 -0.06179186 -0.13326746 -0.13779378 -0.05064823  0.08145674
  0.16218002  0.10843876  0.01706303 -0.03435152  0.06033251  0.00140121
 -0.12640336 -0.13986707  0.038915   -0.09225155 -0.14568071  0.12283436
 -0.0404422  -0.13588296][-0.04514713  0.1522668  -0.1378618   0.1632221   0.04942277 -0.15028651
 -0.07605823  0.02528363  0.10270751 -0.0361448   0.1204291   0.07982749
  0.10658163 -0.01641042 -0.03897512 -0.13492115 -0.17514332 -0.1126494
 -0.0896807   0.02909923  0.12087544 -0.02158483 -0.03894757 -0.04831312
  0.15926531  0.11789791 -0.15284356  0.09966756 -0.03542016 -0.10432631
  0.07047431  0.09968661  0.17173138  0.00257114  0.07106383  0.01393408
  0.13482125 -0.12266114 -0.17316101  0.05259521  0.02650266  0.06990492
  0.1006906  -0.03842743 -0.13975485 -0.05892936 -0.00930975 -0.13056913
  0.03129623  0.11275943 -0.02797737  0.0686517   0.08433723  0.17095163
 -0.00314753 -0.02710463  0.01716539 -0.06948839  0.13754667  0.01206634
 -0.14720647 -0.11219638 -0.07269148  0.02388433 -0.02084456  0.0952756
  0.1358834  -0.03089538 -0.00933184  0.16145742 -0.03014769  0.10696082
 -0.11641125  0.00798943  0.10615625 -0.15626806 -0.12141891 -0.04447655
 -0.1398503   0.16814442  0.00689348  0.06764323 -0.17369843 -0.11766791
 -0.05568509 -0.01948893 -0.14792538  0.03714216  0.08471033 -0.1705712
 -0.1280073   0.01482548  0.00643389 -0.11266835  0.11915072 -0.03515248
  0.1020429  -0.13247196 -0.03587446 -0.11620836 -0.02341374  0.11702073
  0.06423385 -0.1666017   0.06632168 -0.13842598 -0.09371144  0.09889227
  0.110016    0.09759563  0.02627641  0.01194091 -0.10200398 -0.15060695
 -0.05943739 -0.11736774  0.16223507  0.05930294  0.03801808  0.06894961
  0.09424872 -0.01525216  0.05206186 -0.15603565  0.15828738  0.15983556
  0.1140025   0.08491009][[ 0.09065554  0.05592812  0.06294467 ... -0.13343197 -0.12962149
   0.02894851]
 [ 0.14298649  0.0946537   0.07622974 ...  0.14045136  0.01630953
   0.01968461]
 [-0.16088814 -0.03919031 -0.12184233 ... -0.16278365  0.08297788
  -0.02336413]
 ...
 [-0.16571254  0.03464812 -0.14210773 ... -0.02591766  0.13088365
   0.06094659]
 [-0.04936375 -0.09853124 -0.00516898 ... -0.10815763  0.10410057
   0.16673781]
 [-0.01598455 -0.05623149 -0.05209491 ... -0.03270662  0.12927343
  -0.05639163]][[ 0.00050658 -0.03625672  0.07396764 ... -0.15891588 -0.12985143
  -0.00214386]
 [-0.01722172 -0.08737685  0.05678659 ... -0.10879671  0.17052536
  -0.00118952]
 [-0.02063235 -0.05144199 -0.14082626 ...  0.06028281  0.09705834
  -0.01330031]
 ...
 [-0.15686755  0.15577987  0.05796133 ...  0.16539659  0.02186833
   0.0022361 ]
 [ 0.05346237  0.06201145 -0.10142402 ...  0.10345276  0.12232736
   0.10314371]
 [-0.00200864 -0.06920671 -0.17608523 ... -0.15906091 -0.03179544
  -0.1252618 ]][-5.03406003e-02 -8.36878493e-02 -1.55031726e-01  2.02584025e-02
  1.35477539e-02 -1.21582925e-01  5.50852604e-02 -2.22882200e-02
  3.85054536e-02 -1.13270856e-01 -4.96453345e-02 -1.39231631e-03
  5.20683303e-02  8.77991840e-02 -7.48175159e-02  6.50073290e-02
 -6.38422668e-02 -1.00415304e-01  1.64760783e-01  1.39898315e-01
  1.36848733e-01 -2.34007910e-02 -5.56804165e-02  1.99947432e-02
  7.79429078e-02 -3.78646627e-02  8.11791420e-02  5.51506393e-02
  9.42682177e-02  1.11245789e-01  1.71576560e-01 -8.58219862e-02
 -9.84029919e-02  6.63620606e-02 -1.45928711e-02  5.18350340e-02
 -4.02596146e-02 -1.36204407e-01  9.21043754e-02 -1.40817717e-01
 -7.71538168e-02 -1.50674999e-01 -1.64883241e-01  1.63368016e-01
  1.18110642e-01  4.33124322e-03  1.58538803e-01 -1.51094854e-01
 -1.06261134e-01 -3.21688913e-02 -9.05545950e-02 -6.71931654e-02
 -6.41217455e-02 -8.42088386e-02 -1.59643754e-01 -1.20789826e-01
  8.81271511e-02 -1.05906194e-02 -6.06669821e-02 -3.77711989e-02
  1.64028138e-01  9.10814777e-02  6.69741407e-02 -2.63217129e-02
  1.35118768e-01  1.73789471e-01 -5.97585775e-02 -2.01549828e-02
  1.21584758e-01 -6.78331777e-02  1.68485388e-01 -1.58361584e-01
 -1.63901716e-01  1.03203151e-02 -9.17039532e-03 -4.02895021e-05
  1.26794567e-02  5.20338453e-02 -1.15956396e-01 -2.68746503e-02
 -6.13438487e-02 -1.39871478e-01 -2.55913306e-02  4.43783551e-02
  1.65117919e-01 -2.18330324e-02  1.60525918e-01 -2.90724225e-02
  6.67885542e-02  4.86667529e-02 -7.66361952e-02 -5.12695052e-02
  1.19767666e-01 -1.62575960e-01 -1.59972876e-01  1.14601754e-01
 -1.57869324e-01  1.05638832e-01  2.53886078e-02  1.27620235e-01
  6.74314350e-02 -1.10391736e-01  1.50789246e-01 -8.20197985e-02
  4.12545055e-02  8.44396930e-03  1.73257470e-01  8.10331628e-02
 -1.45955801e-01 -9.75086764e-02 -7.23962039e-02  1.06563807e-01
  3.93007882e-02 -1.55115798e-01  6.95796534e-02 -3.97585705e-02
 -1.53741285e-01  1.39154151e-01  6.65240213e-02 -4.16121781e-02
  1.00192957e-01 -8.16096365e-03  8.36645067e-02  1.18594706e-01
  1.20377854e-01  1.22338958e-01  1.10766307e-01  2.89372187e-02][ 0.02532028  0.16617326 -0.0305446   0.05578395 -0.05092028 -0.11294354
 -0.03374865  0.12932242 -0.05214255  0.04420722  0.10062518 -0.02068179
  0.08747201  0.02755767  0.08185478  0.1468043   0.07593121 -0.00060905
  0.06982826  0.01793589 -0.03014133  0.03429257 -0.16119443 -0.05370693
  0.16839233 -0.05463456 -0.06118344 -0.06547132 -0.06698999 -0.13280039
 -0.16465306 -0.04225591  0.07453024 -0.10661435  0.06976053  0.15732446
 -0.00507412  0.0812057   0.08751351 -0.00825836  0.10844551  0.04701431
 -0.14546138  0.13923588  0.0680885   0.1459991  -0.04662413 -0.11692474
  0.08981173  0.17573266  0.06179674 -0.15622352  0.17101464 -0.06828491
  0.02424726  0.04002099  0.04375018  0.05232214  0.01344795  0.01275552
  0.01117083 -0.06535874 -0.14434803  0.12821917  0.01288825 -0.12971218
 -0.00640765  0.05458365  0.09447451  0.13440828  0.13587947  0.09064821
  0.04992778 -0.01656176  0.09788842 -0.03394866 -0.07600781 -0.07829879
  0.00066745 -0.11107963 -0.11495386  0.17001636  0.04612784  0.1251634
 -0.01489439 -0.00943242  0.09827956  0.15141556  0.09896865 -0.05739778
 -0.05501002 -0.05073432  0.12499843  0.05198919  0.02072829  0.05744684
 -0.17396441 -0.11234135 -0.06480835 -0.14455208 -0.10642484 -0.11308607
  0.01460114  0.00924943 -0.16248944 -0.10727814  0.07333511  0.13507187
  0.1147233  -0.0415201   0.17634438 -0.02219425 -0.13749199 -0.05615262
 -0.08160418  0.12931348  0.12284    -0.04839647  0.04605127  0.03108432
  0.10501414 -0.00023073  0.05017594 -0.06330041 -0.09256885 -0.08831877
  0.13929111 -0.08896628][[ 0.08627203 -0.09802316 -0.01819002 ... -0.08407116  0.10777632
  -0.02962179]
 [ 0.11635108  0.06657051  0.01819285 ... -0.12433231 -0.06143053
  -0.0670925 ]
 [-0.08260162 -0.10570937  0.06554414 ... -0.06797044  0.10609579
  -0.12313611]
 ...
 [ 0.06542388  0.00033628  0.09250123 ...  0.01433919  0.05839403
   0.0658012 ]
 [-0.09398836 -0.08877875  0.05880981 ... -0.00315547  0.02897708
   0.121749  ]
 [-0.08601178 -0.03793508 -0.03195423 ... -0.06416957  0.05221581
  -0.04305142]][[ 0.05478686  0.0073689   0.03032843 ...  0.08130813  0.10656174
   0.00277872]
 [ 0.02804355  0.07571275 -0.05185151 ...  0.11783598  0.10163758
   0.06244394]
 [-0.0825898  -0.08430041  0.11597065 ...  0.00097665  0.04480458
  -0.0722687 ]
 ...
 [-0.02856645  0.00926866 -0.09808277 ... -0.11740632  0.02196615
  -0.04644876]
 [ 0.09784211 -0.00265696  0.10617057 ... -0.05819628 -0.07367644
  -0.02035002]
 [-0.04440124 -0.10969751  0.0599176  ...  0.01731902 -0.09832124
   0.08552697]][-5.15595730e-03 -1.07013971e-01  4.45113033e-02 -1.01382739e-03
  3.79884355e-02 -3.47504839e-02  9.74410586e-03 -4.34550457e-02
  8.52587670e-02  1.00266293e-01 -1.16475321e-01  4.24241461e-02
  2.79519781e-02  7.78011605e-02  3.89694311e-02  5.82201704e-02
 -3.68618779e-02 -8.32291767e-02  3.69491018e-02 -2.15395540e-02
  7.03880116e-02 -4.18995544e-02 -9.04723331e-02  5.19422255e-02
 -9.07014012e-02 -1.17377698e-01  1.14452526e-01  1.19336314e-01
  5.91270328e-02 -7.79845491e-02 -4.50708680e-02 -1.08961202e-01
  4.42805002e-03  5.24232201e-02 -6.18211143e-02 -9.78781655e-02
 -5.17366752e-02 -8.26731622e-02 -3.55966240e-02 -7.80561939e-02
  2.52920631e-02  8.14861897e-03  2.05321237e-03 -1.04472630e-01
  9.49935764e-02  3.86557961e-03  1.10262185e-01 -5.58535866e-02
  1.09179243e-01 -3.24730948e-02 -3.73920463e-02 -1.18525609e-01
  7.69648775e-02 -1.13886379e-01  1.17895141e-01  1.21271938e-01
 -5.20490892e-02  2.72770394e-02  1.02188200e-01  3.46878245e-02
 -1.12631377e-02  6.26507849e-02 -6.48703426e-02 -4.62215990e-02
 -4.20274697e-02  8.80539715e-02  4.92343158e-02  9.59396511e-02
 -1.18308216e-01  4.50545251e-02  9.72389206e-02  5.19309156e-02
 -9.10916999e-02  1.09074563e-01  7.81612769e-02 -6.34399652e-02
  1.19858958e-01  6.56989263e-03  1.21919021e-01 -8.27836022e-02
  8.11036825e-02  6.62343204e-02 -1.23679496e-01  7.62382895e-02
 -1.25701353e-03 -5.49353473e-02  1.93597190e-02 -4.34025638e-02
  7.08568841e-02 -6.44014254e-02  3.27126160e-02 -7.57553875e-02
  2.15373132e-02 -4.64643314e-02 -6.54935744e-03  8.02040324e-02
 -1.92022752e-02 -8.97075459e-02 -1.01198584e-01  6.24608658e-02
  1.02139853e-01 -3.81908640e-02 -5.99004654e-03 -3.03229969e-03
  3.19323726e-02  7.13591948e-02  2.68350542e-02  6.66356832e-02
 -7.85322636e-02  4.11319248e-02  8.53902698e-02  1.24664880e-01
  1.20820746e-01  5.94877340e-02  5.17618358e-02 -8.80711526e-02
  2.95578707e-02 -4.41978015e-02  9.41776931e-02  8.04355294e-02
 -8.72231275e-02 -3.37838531e-02  9.78397280e-02  4.83001582e-02
  3.74920964e-02 -5.62668405e-02 -1.15499631e-01  3.66451927e-02
 -6.45548552e-02 -1.38345705e-02  5.63857742e-02 -4.12676930e-02
  8.49816948e-02  9.47357044e-02  1.92635879e-02 -8.79918337e-02
 -1.23065881e-01  8.87391791e-02  1.15849957e-01  8.93943161e-02
  4.61392384e-03 -6.23477548e-02  3.82294878e-02  6.96118847e-02
  1.72870718e-02  1.00941844e-01  1.02881873e-02  1.10198312e-01
  1.59852020e-02  6.30987203e-03  6.18766658e-02 -1.30767599e-02
 -7.90301245e-03  1.05061650e-01  1.02342553e-01  1.00044712e-01
 -2.38296762e-02  1.07934795e-01 -4.50696424e-02 -4.95405942e-02
 -1.08388312e-01 -2.14489084e-02 -8.46736655e-02 -3.07480022e-02
 -6.65552262e-03 -1.20589422e-04 -3.80464345e-02  8.65646601e-02
 -1.14055708e-01 -1.24934785e-01 -2.40808595e-02 -1.17781222e-01
 -6.56608939e-02 -4.30331118e-02  1.96429323e-02 -5.49785607e-03
  6.20104000e-02  1.14309482e-01  2.92793326e-02 -5.43011129e-02
  2.62927897e-02  8.48382488e-02  8.23299661e-02  4.05120738e-02
  1.15786299e-01  1.03475623e-01 -3.85379456e-02 -9.16027352e-02
 -9.23016295e-02 -5.17117186e-03  2.47369502e-02 -4.30100635e-02
  5.10591045e-02  6.11330569e-02  1.08720265e-01 -2.78022848e-02
  6.79383874e-02 -2.73034628e-02 -1.67906899e-02 -5.35531566e-02
 -1.47142950e-02  1.14226095e-01 -4.76825200e-02  1.20636232e-01
  5.48923202e-02 -5.20750470e-02 -9.71339345e-02  9.92570147e-02
  8.70372206e-02 -7.64171360e-03 -3.28591280e-02  1.89644229e-02
  1.24915101e-01  2.41802037e-02  1.18199520e-01 -9.94305611e-02
  5.56290932e-02 -9.10075307e-02 -8.10103342e-02 -9.98310223e-02
  8.79681781e-02 -1.86620634e-02 -6.95786625e-02 -2.03073528e-02
  8.11756104e-02  9.49132740e-02 -3.34704444e-02  1.17379412e-01
  2.19031386e-02 -3.98691967e-02  3.73371318e-02  7.01077515e-03
  1.23153768e-01 -2.49343254e-02  5.05353548e-02 -9.35630649e-02
 -3.85041093e-03  5.91024458e-02  5.06204963e-02  5.39762415e-02
  1.61911752e-02 -9.09309983e-02 -1.59158912e-02 -8.90983716e-02
 -2.26127426e-03 -8.51062220e-03 -1.61242131e-02 -7.47794099e-03
  7.41795450e-03  6.30361736e-02 -4.15907241e-02  5.00738174e-02
  1.24640629e-01 -6.89148307e-02 -6.47145137e-02 -5.50587885e-02][ 0.03856984  0.01610641  0.08763826  0.10587237  0.03790074 -0.12386955
  0.05264017  0.08031172 -0.01781702 -0.11131859 -0.09174585 -0.03144503
 -0.06477263 -0.02215316 -0.11046019 -0.11692731  0.12155029  0.04246073
  0.11649968 -0.06911723  0.09084877  0.02533043  0.08704785 -0.05988302
  0.06623586 -0.11881761  0.00378903  0.06354301  0.07854047 -0.03570023
 -0.01566237 -0.0379198   0.06823847 -0.03690146 -0.10802268 -0.10667145
 -0.05937713  0.02532643 -0.03324233 -0.10812026 -0.05242071  0.00306631
 -0.03923965 -0.06244465 -0.09274131  0.07965584 -0.04501242 -0.08508598
  0.10055014 -0.09898929  0.05297673 -0.04672548  0.09200325  0.10598498
  0.08366345  0.02446726  0.0523488  -0.11225368 -0.06996483  0.08566529
 -0.02711716  0.05149676 -0.03259322 -0.04819396  0.1151829  -0.01705507
  0.02115124 -0.11712071  0.11639021 -0.03431334 -0.09632232 -0.01776477
  0.00347717 -0.02625547  0.04369358  0.09558164 -0.12272736 -0.11565906
  0.00676648  0.10372456  0.03316505  0.08948855 -0.02423608 -0.11451235
  0.03166939 -0.02604634 -0.07422706 -0.04924599 -0.01917152  0.06544273
 -0.01312153  0.00665998  0.09445923 -0.04839569  0.04736499 -0.1220505
  0.03430645 -0.04051599  0.02105472 -0.026881   -0.01142696 -0.0196534
 -0.1196579  -0.01521078 -0.07528012 -0.05661735 -0.05515499  0.00798817
 -0.02153936  0.04432919 -0.0472646  -0.04122447 -0.04669683  0.02459234
  0.04371323  0.08211756  0.06146784  0.11488916  0.04584984  0.10076179
 -0.00640769  0.08618518 -0.06714465  0.00877379  0.0479174   0.08262441
  0.11826997  0.10082925 -0.03106954  0.03406438 -0.0922621  -0.01383622
 -0.01402765  0.05933329  0.03545554  0.09592435  0.06781586  0.07080971
 -0.03136075  0.01755103 -0.0231055   0.10786811  0.09643806  0.00911559
 -0.03473751  0.06154527 -0.06655894  0.11615474 -0.05601993 -0.01105581
  0.07186695  0.12247558  0.06458272  0.00762029 -0.000538   -0.02991363
  0.07052378 -0.01523992  0.02590664  0.07310519 -0.0957864  -0.0997254
  0.1087696  -0.04974286 -0.00863062 -0.07322214  0.09682456  0.1015576
  0.08468199  0.07713515 -0.12266318 -0.10444912 -0.02468763  0.00740098
  0.05080251 -0.06520458 -0.0503922  -0.10435694 -0.09989775  0.07787339
  0.03977316  0.08645857 -0.08559031 -0.10907781  0.06139803 -0.12022508
  0.07399997  0.09359638 -0.04915986 -0.08682477 -0.00873808  0.08949853
 -0.06921821  0.01212143  0.04636775  0.07639756  0.09436624  0.0244573
  0.0836537   0.082024   -0.05263207 -0.12387902 -0.11835911 -0.05443925
 -0.08074107  0.07219077 -0.07777591 -0.00075851 -0.02898981  0.01936644
  0.0339235  -0.12058612  0.09683289  0.01668206 -0.07174223  0.00223141
 -0.09451542  0.03206221 -0.0578917   0.06600332 -0.08516506  0.00179956
  0.01144745  0.05078327  0.1153668   0.04188496  0.10689462 -0.11696854
 -0.09214398  0.02122456  0.07070659  0.06394212 -0.0393924  -0.06273573
  0.07519427 -0.03379435  0.04640611  0.09951308  0.02450161 -0.04957844
  0.00396295  0.10832858  0.04171906  0.01544958  0.08123532 -0.00613123
  0.0082076   0.08780102 -0.09175058  0.07817006 -0.09744675 -0.06667549
  0.04449283  0.01436183 -0.07089949  0.05342313][[ 0.06703297  0.00263023  0.0801328  ...  0.02055198  0.08191062
   0.01216266]
 [ 0.00227865  0.02169879 -0.00630625 ...  0.00474916 -0.0748088
  -0.02719273]
 [-0.03883534  0.07246993 -0.02331591 ...  0.03436083  0.0259774
   0.04652252]
 ...
 [-0.0268883   0.00576743 -0.00750702 ...  0.05629367 -0.01901891
   0.04224544]
 [ 0.00048558  0.00490133  0.08097231 ... -0.0883395  -0.059338
  -0.01400779]
 [ 0.03267548  0.08446247 -0.04366618 ... -0.07225054  0.0172235
   0.06366747]][ 0.06263778 -0.00478955  0.08737736  0.04319117 -0.01028448  0.04767185
 -0.04716684 -0.00409219  0.05801217  0.01735657][[ 0.08528998 -0.24919192 -0.18634824 -0.24975157 -0.20922291  0.08803606
   0.00230476 -0.02214006 -0.15869279  0.27166733]][-0.29578188][[-3.64723452e-03  1.02899775e-01  1.75786167e-02  1.15247861e-01
  -5.37346303e-02  4.41148579e-02  4.60413843e-02  1.22196496e-01
  -6.75328076e-03 -1.13160461e-01 -1.20741144e-01  7.60553479e-02
  -6.86835796e-02 -1.00797981e-01 -2.99310833e-02 -7.37363286e-03
   6.73187673e-02  1.06806159e-01  1.37206018e-02  7.47948699e-03
  -5.97417820e-04  4.74016964e-02  1.58489347e-02  9.91003811e-02
  -3.05434167e-02 -6.74314648e-02  2.65682340e-02  3.97292823e-02
   2.08968520e-02  4.96552140e-02 -6.13729805e-02  2.00918168e-02
  -5.88247031e-02 -1.22493729e-02 -7.34593868e-02  4.42525595e-02
  -1.19189411e-01  2.69488543e-02 -3.12529504e-02 -4.18418646e-03
  -1.10874921e-01 -5.38740307e-02  6.75170422e-02 -1.12088040e-01
   8.28622878e-02 -6.49846643e-02 -8.00094754e-03 -1.58223172e-03
   8.27917457e-03  7.64383376e-03 -7.14514172e-03  2.47803330e-02
   6.39935629e-03  8.97051543e-02 -1.29726976e-02  9.54786688e-02
   4.59814221e-02 -5.20344870e-03 -8.64434689e-02 -1.01894274e-01
   1.09816328e-01  7.00234026e-02 -1.22612864e-01 -1.13420207e-02]
 [ 7.14175925e-02  1.18305169e-01  2.51222146e-03 -1.92716718e-02
   1.07258677e-01 -5.81672266e-02  1.11011952e-01  4.24056314e-02
   5.90747558e-02 -6.16283454e-02 -4.18077596e-02 -8.02125484e-02
   9.48848873e-02 -9.16042998e-02  5.99605329e-02 -2.61677522e-03
  -1.86545886e-02  3.67614962e-02 -3.20045352e-02  9.36711207e-02
  -3.11150420e-02 -1.38917388e-02 -1.17104717e-01  1.05729438e-01
  -8.65222216e-02  5.94603345e-02  7.85042048e-02 -8.87544155e-02
   7.82319903e-02  2.21730843e-02  1.77213661e-02 -3.37166227e-02
   1.02418894e-02 -2.95054056e-02 -9.04009715e-02  7.96863511e-02
   1.24324448e-01  1.02916352e-01  6.49849176e-02 -8.15564394e-03
   1.04638100e-01  7.75336474e-02 -1.10740311e-01 -1.41288862e-02
  -1.23498552e-01 -9.12665352e-02 -8.85065049e-02 -1.19415373e-01
   7.97473639e-02  1.13497078e-02 -5.84567115e-02 -4.44821194e-02
   6.79738894e-02 -1.19134866e-01 -2.01384071e-02 -1.25795696e-02
  -7.29773715e-02 -5.85894138e-02  1.25247031e-01  1.07983023e-01
  -1.06338570e-02 -7.48761743e-02  1.10157333e-01  4.36515324e-02]
 [ 8.77997652e-02  1.46353617e-02  1.47852777e-02 -6.06817752e-02
  -1.15636833e-01  5.39937317e-02  9.10612172e-04 -9.62419342e-03
   9.20599177e-02 -2.67218649e-02 -3.60668451e-02 -6.33661821e-02
   4.41151485e-02  2.45138519e-02 -7.56136402e-02  1.14982575e-01
   9.52963755e-02  3.89899686e-02 -1.70770916e-04  9.18771327e-02
   1.79742761e-02  5.29292785e-03 -7.02354461e-02  6.84796646e-02
   2.42070258e-02  1.98151954e-02 -1.44294258e-02  3.26659791e-02
   9.96080413e-02  6.93506151e-02  1.14957824e-01 -6.32593036e-02
  -7.53043592e-02 -4.12109382e-02  5.66225015e-02 -8.43508616e-02
  -4.65525389e-02 -4.39646617e-02  8.31413046e-02  7.32105982e-04
  -5.14373891e-02 -2.38373205e-02 -8.55279118e-02  4.08057533e-02
  -4.48196270e-02  1.10347122e-01 -3.98852564e-02  4.54377867e-02
   4.02056314e-02  3.07458136e-02  4.52091545e-02 -7.78177008e-02
   3.14769857e-02  3.65019180e-02 -1.43322470e-02 -9.03037563e-02
  -6.91421926e-02  1.08413778e-01 -2.52052527e-02  8.59525427e-02
   8.27596858e-02  6.24464452e-02 -5.69505477e-03  5.51409982e-02]
 [-1.06394447e-01  7.93597177e-02 -8.16044882e-02 -9.12062079e-03
  -3.65207158e-02 -9.30910781e-02  3.69789228e-02 -1.09769784e-01
   1.25469074e-01  1.02494858e-01  7.31048360e-02  6.62264377e-02
  -2.44618598e-02  1.54000903e-02  6.26102323e-03 -1.03366591e-01
  -2.22798381e-02 -8.92241858e-03 -8.71631876e-02  2.12053414e-02
   1.32642359e-01 -2.39805505e-02  2.88345572e-02 -2.20075920e-02
   1.85091440e-02  5.36357565e-03 -6.44117296e-02  6.69660568e-02
  -1.04606725e-01  1.04429826e-01 -9.16728750e-02  6.87796846e-02
  -4.98034135e-02  8.42737183e-02  1.20096549e-01 -8.52386728e-02
   8.06366503e-02 -4.96296734e-02  1.75398402e-02  5.63196316e-02
   9.58984271e-02  5.25375381e-02 -1.91303343e-02 -1.28608271e-02
   9.44515876e-03  3.94208990e-02  6.41485676e-02 -2.59374399e-02
  -1.28282588e-02  1.18915532e-02 -1.15787096e-01  1.14991188e-01
  -9.91938170e-03 -9.15231276e-03 -9.00839791e-02  7.22705387e-03
   9.68570709e-02 -7.39952177e-02  4.76309881e-02 -4.81976196e-03
  -2.11262554e-02 -1.02879286e-01  3.51619795e-02 -6.44114837e-02]
 [ 5.22521771e-02 -5.37967458e-02 -1.02695897e-01  5.16269393e-02
   7.12979883e-02 -1.15782663e-01  1.23069873e-02 -4.00385223e-02
  -1.03445657e-01 -1.21707715e-01  1.12618081e-01 -6.17579594e-02
   8.51664692e-02  6.10389039e-02 -3.61332148e-02 -1.09919362e-01
  -8.05322528e-02  7.80419707e-02  9.07785073e-02  2.68779974e-02
   4.45701629e-02  1.30991917e-02  5.22361547e-02 -1.19223244e-01
   5.64803779e-02 -1.07476674e-01  4.74774428e-02  5.94742037e-02
   3.48246237e-03 -1.29934056e-02  1.89634245e-02  1.58879161e-02
  -1.02070801e-01  1.25718445e-01 -2.62148753e-02  3.24024819e-02
  -7.80550614e-02  1.07514195e-01 -1.22486912e-01  4.85547446e-02
  -1.02501638e-01  7.13948347e-03 -8.21797028e-02 -6.26914874e-02
  -3.01006511e-02  7.25871399e-02 -6.92802966e-02 -4.48310822e-02
  -1.79572273e-02 -8.50959867e-02  1.18256733e-01 -1.19762622e-01
   6.29356131e-02  4.45829630e-02  7.08452985e-02 -6.94480836e-02
  -2.83632819e-02  8.80628228e-02 -5.53686582e-02  2.36996487e-02
   6.24077134e-02 -4.71791625e-02  4.25592512e-02  1.10039294e-01]
 [-2.79105827e-02 -5.28230611e-03  1.10917628e-01 -1.91613194e-02
   5.16976677e-02 -2.50755288e-02 -1.08341664e-01  2.82063335e-02
   6.59560040e-02 -4.79705893e-02 -9.81099010e-02 -6.10863678e-02
   1.10841483e-01 -2.06806082e-02  6.76141605e-02  7.06241578e-02
   4.59388830e-05  6.52759001e-02  2.39396244e-02 -9.76141691e-02
   5.09806499e-02  2.35108808e-02  9.01373252e-02  6.20794296e-02
  -1.64145958e-02 -6.20848201e-02  2.83331592e-02  2.05555521e-02
  -4.59883036e-03  1.04797594e-01 -9.25001800e-02  1.17994517e-01
  -1.09994579e-02 -1.71412859e-04  1.11350557e-03  6.86451942e-02
   8.13135728e-02  1.11276014e-02 -5.24424240e-02  1.40225384e-02
  -3.20832916e-02 -2.90587544e-02 -1.73686561e-03 -1.22264259e-01
   4.06112447e-02 -5.14047593e-02  1.02087207e-01 -1.17053740e-01
   7.61813968e-02 -1.15717061e-01 -1.11809142e-01  1.11452155e-01
  -1.10143475e-01 -1.23123176e-01 -1.25454171e-02 -1.76130552e-02
   7.71726966e-02 -7.30661601e-02 -3.08295246e-03  1.05968177e-01
  -2.43845931e-03  1.42372968e-02 -5.40669337e-02  5.18482290e-02]
 [-5.72199486e-02  1.22211417e-02 -2.23620720e-02  1.24631740e-01
  -1.99375581e-02 -1.18275896e-01 -1.72044765e-02 -1.10338517e-01
  -5.38325123e-02  6.98610395e-02  1.19047664e-01 -4.21169586e-03
  -6.59499615e-02 -5.06882854e-02  2.16231029e-02 -6.01739958e-02
   2.86987182e-02 -1.06756300e-01  8.38161930e-02 -8.43532085e-02
   8.00705627e-02  3.79241332e-02 -6.01035133e-02 -1.19629882e-01
   4.14381474e-02 -9.74227265e-02 -4.78818417e-02  1.11704677e-01
   1.93395037e-02  1.06246853e-02 -1.14533879e-01 -2.98483912e-02
   5.14510088e-02  4.21074517e-02  9.55590978e-02 -8.60288739e-02
   1.00830294e-01  1.03384264e-01  1.26456931e-01  4.10116129e-02
   6.55832961e-02 -2.60794349e-02 -6.00979701e-02  5.93843833e-02
   5.16860224e-02 -1.21992126e-01  1.17059946e-01 -1.11904614e-01
   8.44228193e-02  1.22471087e-01  1.17281824e-01 -4.45212908e-02
  -5.95886558e-02 -8.10057670e-02 -3.45535614e-02  3.90805751e-02
   3.77724767e-02  2.69531310e-02 -9.64175314e-02 -4.33619060e-02
   9.35390666e-02  2.50827316e-02 -1.39867328e-02  9.69851911e-02]
 [-7.04998299e-02  6.41475245e-02  5.48731945e-02 -5.17672114e-02
   6.66653216e-02 -6.70748577e-02  5.85348159e-02  1.22470506e-01
  -1.10816695e-01  9.09506306e-02 -1.09732933e-01 -1.08815737e-01
  -5.10802008e-02 -2.09247950e-03 -5.46718715e-03 -7.59973302e-02
   1.16917871e-01 -1.04113482e-01  3.42365839e-02 -3.01717203e-02
  -3.58605534e-02 -7.66555220e-02  7.04350546e-02 -2.41302792e-02
  -1.00686751e-01 -2.96075623e-02  1.16814561e-01  3.85299735e-02
  -1.81108899e-02  2.65810434e-02 -1.16009392e-01  5.33510335e-02
  -7.18993843e-02 -8.21751133e-02  6.62339255e-02 -4.27974276e-02
   1.17383942e-01  1.06683820e-01  6.88327942e-03 -4.02595103e-02
   7.94212706e-03  1.10899679e-01  5.02391383e-02 -7.73954242e-02
   5.85082285e-02 -3.45705338e-02 -5.97681999e-02  4.05497886e-02
  -6.43050075e-02 -3.64504708e-03 -1.23507112e-01 -8.01986754e-02
   8.18597227e-02 -2.19962206e-02  1.17702946e-01 -8.66859108e-02
  -1.09468326e-02  1.23599313e-01 -5.39500192e-02 -1.63634215e-02
  -7.75528625e-02  5.26716337e-02 -7.33478293e-02  6.16013035e-02]
 [-4.48617041e-02  5.86829893e-03  1.25220865e-01 -8.90915617e-02
  -1.23144120e-01 -4.74940389e-02 -1.06087632e-01  4.65976028e-03
  -4.11537588e-02  1.84983183e-02 -3.56222577e-02 -9.41127539e-02
   3.76244597e-02  5.70343547e-02  8.86433758e-03 -1.15602128e-01
  -9.54350159e-02 -7.97662809e-02 -5.67334034e-02 -5.20677119e-02
  -1.04729049e-01 -1.18911266e-01  5.71528934e-02 -1.07277095e-01
  -7.64188096e-02 -1.00505896e-01 -1.04493843e-02  2.03044843e-02
  -1.00433648e-01  4.72327881e-02 -1.04277752e-01  2.60810889e-02
   9.58303642e-03 -3.47288772e-02 -1.02668948e-01  2.70518493e-02
  -3.49766240e-02  2.30682027e-02 -9.33119431e-02 -1.11926913e-01
  -5.46821766e-03  6.28338195e-03 -1.48452912e-02 -2.17572637e-02
  -4.80698980e-02 -4.50765621e-03 -1.09694712e-01 -3.44880894e-02
   3.43243144e-02 -9.22252461e-02 -5.38159534e-02  4.14455272e-02
   3.07249259e-02 -3.10663003e-02 -1.18772075e-01 -9.62317362e-02
   2.98648179e-02 -1.20050147e-01 -9.10651535e-02  3.36293280e-02
  -1.57724340e-02  1.43528944e-02  8.16425756e-02 -9.77618024e-02]
 [-2.32752152e-02  3.07612419e-02 -7.50155896e-02  1.79035999e-02
   6.58427551e-02 -9.43477377e-02  5.06107276e-03 -6.93101436e-02
  -1.71474554e-02  1.06424205e-01  1.06995508e-01 -2.40509491e-02
   1.23838060e-01 -1.61181223e-02  5.13573438e-02 -3.20596322e-02
  -1.13916337e-01  8.95198956e-02  1.02021001e-01  9.54481140e-02
  -1.01517417e-01 -8.59332234e-02  5.39904386e-02 -2.77491240e-03
  -1.56960599e-02  2.42621358e-02  3.27777565e-02  1.16700985e-01
   1.24992609e-01  9.44248140e-02 -1.05136499e-01  9.82511416e-02
  -7.03718737e-02  7.79673755e-02  5.25382645e-02  2.52096020e-02
  -1.44485142e-02 -3.44671286e-03  1.11772664e-01  8.32811836e-03
   1.07068554e-01  1.08542286e-01 -6.32162094e-02 -1.78543164e-03
  -8.89865961e-03  1.16232373e-01  9.68176201e-02  7.77049959e-02
  -1.13112777e-01  6.94994256e-02  5.02141155e-02 -1.05787553e-01
  -4.10299599e-02 -4.61228825e-02  3.81854586e-02 -5.40825957e-03
  -6.60355389e-02  7.20212385e-02  1.70913506e-02  3.84465642e-02
   1.41869048e-02 -1.23959877e-01  1.26770288e-02 -9.48418602e-02]
 [ 3.32038887e-02 -1.52504724e-02  9.97856632e-02  9.58774611e-02
   2.11035199e-02  3.51510011e-02  5.77978082e-02  5.71135879e-02
   9.03003365e-02 -3.98733616e-02  8.48788396e-02  5.19504957e-02
  -1.01027064e-01 -5.37585616e-02 -5.82385547e-02 -5.62137254e-02
  -1.08848274e-01 -6.06627129e-02 -3.33847478e-02  4.94886562e-02
   1.27134509e-02 -4.99349460e-02  1.61863752e-02  1.29346371e-01
  -1.02094300e-01 -1.16533279e-01  3.00674364e-02 -9.13548470e-02
  -4.32913154e-02 -9.85463262e-02 -1.09709941e-01 -8.31331089e-02
  -4.75805476e-02 -5.63896215e-03  8.59094113e-02  1.90602290e-03
   3.38164270e-02 -9.85951722e-02 -8.50840732e-02 -3.91536430e-02
   5.59130572e-02 -6.16558865e-02 -6.52719140e-02 -6.18521534e-02
  -5.13042063e-02  1.17976755e-01  1.03673421e-01  5.74433804e-02
  -8.90967026e-02 -2.95525864e-02  3.56106274e-02  1.67703740e-02
   1.17502712e-01 -1.73269343e-02  1.08807780e-01 -5.46010770e-02
   2.88242456e-02  4.40833531e-02  1.23010233e-01 -8.68155342e-03
   7.06679362e-04 -9.41735804e-02 -9.67080221e-02 -3.21286991e-02]][ 0.01875973 -0.07271968 -0.11674444  0.08867745 -0.09822419 -0.04184279
 -0.00391487 -0.07468924  0.08235     0.08427007  0.06960976]