[[ 0.85183614 -0.07795951  0.45952746 ...  0.8072948  -0.08526508
  -0.23984693]
 [ 0.28595904 -0.03499236  1.6438329  ...  0.30666727  0.08635072
   1.6469778 ]
 [-0.23826368 -0.20181426 -1.088358   ... -0.35341567  0.03663369
  -1.9690042 ]
 ...
 [ 1.8795373   0.16893966  1.3921843  ... -0.61933005  0.05585425
   2.3918755 ]
 [ 0.33578807 -0.65758586  0.3898206  ...  0.17267105  0.07957546
  -3.923431  ]
 [ 0.9097815   0.00849039 -0.8575764  ...  0.38110322  0.10346852
   2.2443297 ]][[ 0.559214    2.5004716   1.3159752  ... -0.05572181  0.8870744
   0.47060984]
 [ 2.9406166   1.7745391   3.0048718  ... -1.8114432   1.6872416
  -0.97006404]
 [ 0.4333708  -0.78398955 -0.0177936  ... -1.9461237   2.3699946
   1.9260681 ]
 ...
 [ 3.6812656   2.9484463   0.8225917  ... -2.461013   -0.46824047
   3.2939045 ]
 [-0.2554901   0.3247435   2.8431466  ... -0.7243791   2.2899451
   1.9113064 ]
 [ 1.0055704   1.7972947   1.4936377  ... -0.39593312  0.78795594
  -0.8496516 ]][ 2.47072     2.409258    1.1025509   0.12377083  1.3361983   3.5986602
 -1.8619182  -1.4181468   1.2972943   0.0290199  -1.6985774  -1.578406
 -0.04253068 -1.1895247   1.4638553   1.8873534  -2.6469512  -1.2188042
 -2.706392   -1.0704051   2.5371215  -1.1013054  -1.7682701  -0.16670994
 -1.7066784   0.14412221 -1.7532187   1.4636061   0.47440174 -0.5503994
  0.36771017  1.5342335   2.2597544   1.3500617  -1.4368219   2.0632603
  1.9855723   1.8805791   0.05523051  2.092161    0.9792975   0.33012682
 -0.6578057   0.04804872 -0.1664923   2.2540243   3.7992706   2.4107232
  1.9056768   1.603306    1.9110649   1.4431746   2.2524166   0.4414202
  1.9449881   0.20275834  1.9973317   0.38862267 -1.0214607   2.1301143
  1.9391294   1.3043519   2.1989937   1.0016785   1.7205036   1.878406
  1.2191513  -1.1375695  -2.8557143   2.1255586  -0.58854276  0.20842126
 -1.433012    0.8002349  -0.07125671  0.74893457 -1.9052196  -0.22117218
 -2.5287347  -1.6386148   0.28223422 -0.98810124 -2.392229   -0.51484543
  1.956683   -1.9276613   0.4063878  -2.3109565   0.9130406   1.5045428
  0.3045752  -1.7739947   3.852406   -1.8457478   3.298096    1.0005473
  1.638399    2.36071     0.7813561   0.9819744   1.7011608   1.9898562
  0.16881587  0.92567134  2.0800166  -1.3051243  -1.8006958   1.2251017
  2.2972689   2.1889703   1.2571718   2.5550823   0.15475242 -1.9824334
  2.0716329  -0.9387005   2.388946   -2.6072066  -0.7934127   1.0715394
 -1.5634446   1.0407192  -0.58068126 -0.5442746   1.8806075   1.0078722
  0.03275652  2.6644301 ][ 2.2067957e+00  2.5091929e+00  1.2376444e+00  4.4549784e-01
  1.3283504e+00  3.5629139e+00 -1.8810906e+00 -1.2797422e+00
  1.4973173e+00  1.3365963e-01 -1.8772312e+00 -1.7965668e+00
  5.9651639e-02 -1.3541670e+00  1.6431625e+00  1.8682227e+00
 -2.4926956e+00 -1.3063233e+00 -2.6847999e+00 -1.0398581e+00
  2.8409622e+00 -8.5554469e-01 -1.6991812e+00  7.9270676e-02
 -1.8063489e+00  2.4938209e-01 -1.5834751e+00  1.4578320e+00
  3.7503925e-01 -4.4976875e-01  5.4853755e-01  1.8529116e+00
  2.0265279e+00  1.3592602e+00 -1.6167083e+00  2.0208669e+00
  2.2590964e+00  2.1228178e+00  1.9367132e-02  2.0941274e+00
  1.2356917e+00  2.2699323e-01 -5.9191918e-01 -7.2227918e-02
 -3.9012853e-02  2.2191567e+00  3.6408658e+00  2.4129159e+00
  1.7771919e+00  1.4261395e+00  1.8777537e+00  1.2765104e+00
  2.3329749e+00  5.7924312e-01  1.8743855e+00  3.1382358e-01
  1.7876010e+00  3.2408893e-01 -1.0207422e+00  2.1144986e+00
  1.8518323e+00  1.3528314e+00  2.0562716e+00  7.1425074e-01
  1.9320467e+00  1.8329961e+00  1.1248542e+00 -1.0991338e+00
 -2.7156224e+00  1.9613063e+00 -3.6810517e-01  3.6101517e-01
 -1.4345353e+00  7.0978642e-01 -3.2945443e-03  8.3447754e-01
 -1.9715158e+00 -9.8546088e-02 -2.3646469e+00 -1.7388790e+00
  3.7590325e-01 -1.1981311e+00 -2.6294632e+00 -5.3696996e-01
  2.1419911e+00 -1.9096013e+00  3.1778142e-01 -2.0452056e+00
  8.0325842e-01  1.3893541e+00  2.3397382e-01 -1.8136894e+00
  3.8161380e+00 -1.8754556e+00  3.2194979e+00  1.0564244e+00
  1.8039824e+00  2.5136008e+00  7.6126891e-01  1.0903279e+00
  1.7378458e+00  2.0382428e+00  2.9298761e-01  8.4907573e-01
  1.8827019e+00 -1.3762884e+00 -1.8967295e+00  1.2889688e+00
  2.2528594e+00  2.2357352e+00  1.2517252e+00  2.3377719e+00
  3.9570814e-01 -1.9031113e+00  2.2308955e+00 -1.2102979e+00
  2.3178501e+00 -2.6133664e+00 -8.8795245e-01  1.2282305e+00
 -1.7709357e+00  1.2847610e+00 -4.9005368e-01 -4.7810134e-01
  1.9139527e+00  1.0203464e+00 -5.1868673e-02  2.5894568e+00][[ 1.4216071e+00 -1.6854085e-02 -2.9988587e-01 ...  1.0112102e+00
  -1.6543025e-01 -1.4260966e+00]
 [-8.8627964e-01  5.2539659e-01 -2.3407859e-01 ... -1.3283830e+00
   1.4156534e-01 -2.4858258e+00]
 [-3.3775833e-01  3.7251394e-02 -6.5165550e-02 ... -2.0162947e-02
  -9.8457292e-02 -9.2206746e-01]
 ...
 [-7.0314533e-01 -1.3659165e-03  2.6561644e-02 ...  1.7413229e-02
   2.1343082e-02 -9.6508712e-01]
 [-1.2792671e+00 -3.9752856e-01 -3.0326214e-01 ... -5.0034028e-01
   1.7932132e-02 -1.9483943e+00]
 [-1.2284575e+00  2.6203725e-01 -5.5105156e-01 ... -6.5013295e-01
  -1.5042186e-02 -1.6633687e+00]][[ 1.3238411  -0.7799629   1.1933075  ...  0.54305726  1.8619109
  -0.60714495]
 [ 0.5478748  -2.0151072  -0.9041277  ... -0.39497632 -0.4733007
   1.299346  ]
 [ 1.4486132  -0.9102949  -0.7315263  ... -0.18426721 -0.33207628
   0.9717499 ]
 ...
 [-0.969754    1.3295153   1.3359141  ...  1.1244361   0.993291
  -0.7426802 ]
 [-1.2837173   1.3101209   0.9658888  ...  0.46158832  0.54339814
  -0.28184736]
 [-1.5669347   1.2535552   1.3090742  ...  0.9502337   1.1391146
  -0.76349306]][ 1.188432   -3.0839047  -2.177666    1.948695    2.782464   -2.3838804
 -2.0165048   0.8325309   1.649009   -2.99464    -1.623397    0.86854017
  1.7436965  -1.6567699  -1.9912031   0.52113867 -0.01874193 -2.4310203
  1.5391785  -0.5464687  -0.7929043   1.2670625  -1.8561248  -3.461952
  0.90484756 -0.2514392   0.90170753 -0.3680046  -0.01094773 -1.8046086
 -1.5467821  -1.6177274   2.1702747  -0.52476394 -0.31258935  0.19089426
 -0.30317217  0.5863379  -2.6496952   1.1598353   0.53334564  1.0470723
  0.43965     0.42611834  1.2706393  -2.892521   -0.7401014   1.9191601
 -1.9202039  -1.6988019  -2.290211   -0.36937702 -0.15190244  1.5521986
 -1.3501788   0.66659176  2.3137622  -1.4712512   1.5729287  -0.00806294
 -0.4287768  -1.6300578  -1.8868713  -1.6933755   1.5276643   0.91192317
  1.3680655   1.2709495   2.0092285   0.99805146  0.2601893   1.2368227
 -0.7685627  -1.4365762   1.0678217  -2.4305267   1.1522269  -0.09029558
  0.26281363 -1.7063557   0.24537936  0.8644954  -0.76865256 -1.3992842
  0.7382531  -1.7565037   0.5787562  -0.97530454  0.06727964 -1.3852109
  0.47526896  0.6740916   0.8386261  -0.5146795  -0.33233547  0.03478055
 -0.7597006  -0.9231941  -3.2339969  -0.49526766  2.519813   -1.1995822
 -2.3418763  -2.373042    1.8775485   1.6306357  -1.9426957   0.63934004
  0.38914916 -2.989936   -1.5108733  -2.495182   -0.51721543 -2.7107058
  1.6769239  -2.7852497  -2.3065846  -0.7099789  -1.8361627  -0.15471667
  1.2729347   0.63928545 -2.7886841   0.7921718  -0.77833104 -1.7841368
 -2.0653186  -2.8677905 ][ 1.03711    -3.1128168  -2.0081222   2.0312817   3.0342753  -2.618325
 -1.7967178   0.752005    1.4624445  -3.0818753  -1.3666192   0.8613091
  1.8039165  -1.441938   -2.0799544   0.39090517 -0.1932297  -2.4360137
  1.6004974  -0.66547406 -0.94137645  1.4355208  -1.8923563  -3.3828392
  0.89360666 -0.03454617  0.81511587 -0.13918784  0.01688839 -1.6884776
 -1.5904797  -1.5075948   2.1371446  -0.5953225  -0.36493927  0.2813862
 -0.45468587  0.795356   -2.7855432   1.1501843   0.24051689  1.0410457
  0.21632195  0.43022588  1.3962995  -2.7133286  -0.82354486  1.9521723
 -1.6366127  -1.6404501  -2.474933   -0.56681913 -0.04341108  1.518575
 -1.5103725   0.44258147  2.4377906  -1.1905181   1.4775382  -0.02928201
 -0.4588686  -1.7140232  -1.9798186  -1.6206553   1.3064067   0.83327407
  1.4662111   1.1146451   2.0500426   1.1140726   0.4195016   1.1894579
 -0.6874252  -1.3884314   1.0464473  -2.685879    1.1883273  -0.05976542
  0.19813891 -1.5976304   0.03227668  0.5706526  -0.7121482  -1.1375172
  0.74453336 -1.6484983   0.5573609  -0.7146778   0.00688523 -1.0798601
  0.6997519   0.5967883   0.6861287  -0.48005512 -0.5131569  -0.04946543
 -0.5753551  -0.9559529  -3.4349318  -0.713954    2.5557187  -1.0783632
 -2.4306474  -2.4591248   1.7501614   1.7533425  -2.1208496   0.81315243
  0.23936109 -2.926256   -1.4017613  -2.2759411  -0.4012288  -2.7299535
  1.7520735  -2.5995347  -2.1737516  -0.6300721  -1.7823094   0.17359349
  1.3444471   0.8283852  -2.6654139   0.99133444 -0.84629637 -1.7434573
 -1.9337083  -2.901162  ][[ 1.3531119   1.130971    1.5760719  ... -0.17126809  0.52419305
   0.4160416 ]
 [-1.3088558  -0.2392029   0.15423435 ... -0.57258755 -0.00835121
   0.2991271 ]
 [ 0.45425123 -0.48636618 -0.02506788 ...  0.3867656  -0.2236688
  -0.15810202]
 ...
 [ 0.25506902  1.5255892   1.097293   ... -0.34506065 -1.1370265
   0.42821008]
 [-1.0300319  -1.137932   -1.836052   ... -0.40047678 -0.17573681
   0.04453334]
 [-3.992528   -2.7303367  -2.4553988  ... -0.23753014 -0.2234574
  -0.07953467]][[ 0.27105477 -1.0794885  -1.0822823  ... -1.8102523  -0.10810887
   0.49203923]
 [ 0.7517964  -1.2500215  -0.5982149  ... -0.00806455  0.88626313
   1.1935588 ]
 [-0.02188287  0.7366637  -1.05855    ... -0.95744    -0.94815296
  -1.1676593 ]
 ...
 [-1.3962635   0.5278662  -0.620048   ...  0.4237086  -0.2534184
   0.13387565]
 [ 0.5971752   0.06142063  0.54941314 ...  0.77552074 -0.09012932
  -1.345366  ]
 [-0.62109977 -0.6636903  -0.4019255  ...  2.9712663   0.70063585
  -1.6220409 ]][ 1.3977866   0.7165411  -1.0193483   1.5585959  -1.220936    1.4352552
 -0.91267    -1.1017818   3.0259082  -1.3321246   1.437796    0.6957863
  1.1652204   1.8561664  -1.2837973   1.2112725  -1.3619874   1.211857
 -1.120873    1.6209605  -0.76433986  0.91693044  3.251886    1.1978546
  1.4021367   0.7578358   1.6839645   0.05468729  0.09012942  1.5246855
  1.3611404   1.4639369   1.2906878   1.4537482   0.50296044  1.2704399
 -1.8432752   0.8579248   0.8001072  -0.27059942  0.5604432   2.1296015
  1.0311351   1.2939957  -0.30173382 -1.6101403  -1.1305023   0.8271703
  0.29453367  1.4950792   0.18290843  2.815232   -1.1643549  -0.53850347
 -1.0494606   1.549626   -0.7774721   1.6923488  -1.1723995  -1.2316971
  0.96517164  1.234044    1.3460528   1.2038543  -0.66467863  0.82937086
 -0.7383862   1.0918604   1.6610126   1.8354439  -1.8598357  -0.74343795
  1.2550211   0.60461617  1.9867651   0.3857866   1.0717907   1.1426994
  1.053275   -0.39481324  0.35309848  0.18183269 -0.7018351   1.4496971
 -0.12386711  0.65260595  1.0309312   3.0012686  -1.731217   -0.58397645
  0.71725893  0.25670102 -1.0974399   1.7066165   0.88110596  1.2602398
  0.99954385  0.80554116  0.91055316  0.9001724  -0.9524626   0.23911883
  1.251316    1.1059307   0.26789558 -1.1836045   0.17552936  1.7226145
 -0.08645792 -0.981596   -0.79205    -0.60232425  1.593697   -0.73617834
 -1.7631385   0.8928404  -0.14806135  1.0528449   0.7880825  -0.5412656
 -1.4699323   1.0337881  -0.6045752  -0.07337324  1.249049    1.174477
  0.9439693   0.82377714 -0.6228702  -1.1512665   1.0208945  -1.0308834
 -1.4459233   1.2937227   2.5734665  -0.63745636 -2.307098    0.93056136
  0.6826069  -0.69270945 -1.6986251  -2.3280988   0.7700895  -1.4293313
 -0.04886406 -2.12845     0.54423356 -0.903466   -0.18997659  2.2798038
 -1.4459795   1.0476712  -0.65420645  1.819927   -1.0323727  -1.0473683
 -0.92030066 -2.0713122  -1.303778    0.7891126  -0.03298672  0.95582664
  1.5024368  -0.99994314  0.70947677  3.3310134   2.0692194   0.51431364
 -0.79971594  2.2159395   1.3420548   1.2653422  -0.069994    0.92318517
  1.0977705  -0.39092407  0.995636   -0.24890438  1.2779489   1.7309512
  1.4903996  -0.6723345   1.241635   -1.1220224  -2.3558345  -1.6014799
  0.92162925  0.3698788   0.96763206 -2.2237947  -0.15185891  1.7810756
 -1.8424729  -1.7163879  -1.5135881   1.4936355   2.291697    1.7002867
 -1.360257   -1.2684339   1.2583567   1.1638751   2.0357072  -0.94852924
  2.3863566   1.4415834   1.4285831   0.64665616  0.64191616  0.7055378
  0.9589513  -0.9892729  -0.26376268  0.8169091   1.8846269   1.9609665
  2.1809113  -1.1981099   2.1251647  -1.0907319   1.7050376   1.2804272
  1.5961105   2.3077056   0.60140955 -0.6873742   1.3271936  -0.90439284
 -1.1963327   1.5435774   1.4792154  -0.6773734  -1.2836219   1.2335724
  1.5966064  -0.23397455 -0.5026706  -0.05379996 -1.0839225   0.456727
  1.5851852   2.2997122   0.4845059   1.3221884  -0.8517637  -1.1797178
 -1.1293318  -1.2079325   2.6402154   1.4484055   0.92760867  1.0854567
 -0.81949127  1.7382921  -0.70233893 -3.10927   ][ 1.4856832   0.7028361  -1.0102904   1.5402968  -1.3573269   1.6048533
 -1.103068   -1.0537667   3.1101167  -1.3216473   1.5923312   0.5379844
  1.1616728   1.6468072  -1.3459133   1.3350598  -1.4505826   1.1994674
 -1.0910454   1.7073464  -0.8548098   1.0354384   3.3270025   1.2731488
  1.5405535   0.59865075  1.7263838   0.18793716  0.12162118  1.610225
  1.1912911   1.3150307   1.2585694   1.4912429   0.4497176   1.199047
 -1.8194902   1.0141793   0.89143205 -0.31346425  0.5637952   2.0294263
  1.1814303   1.2258891  -0.32019484 -1.5879092  -1.1821877   0.91717
  0.45215517  1.504459    0.35356423  2.6356614  -1.2588152  -0.5595684
 -1.072081    1.5397409  -0.84721714  1.5706233  -1.178048   -1.2262353
  0.9614405   1.2187233   1.3069197   1.2204813  -0.8545878   1.0154175
 -0.853029    1.0226264   1.6705194   1.7959744  -1.7471205  -0.70476156
  1.3227576   0.6688766   2.0680625   0.4281029   1.2691284   1.26481
  1.0367299  -0.5039584   0.14009443  0.3742398  -0.6975228   1.2437044
 -0.08340777  0.7444045   1.2223827   3.0071867  -1.7507313  -0.36438128
  0.54525805  0.48972127 -0.9913629   1.7489818   0.6972449   1.2232276
  0.8532873   0.8984782   0.79288083  1.0126467  -0.8786984   0.13972643
  1.2019087   0.96827585  0.41012958 -1.2210264   0.06255791  1.5242829
 -0.0561219  -1.0727667  -0.7658091  -0.6460937   1.4719473  -0.6160123
 -1.7529209   0.9918126  -0.08503491  1.1061915   0.81054544 -0.7086393
 -1.3102186   1.258666   -0.47495446 -0.06360301  1.3207835   1.4048251
  1.0975269   0.7338056  -0.688954   -1.3805634   0.9923767  -1.1429669
 -1.56431     1.4637792   2.5938265  -0.6058499  -2.4079335   0.8707638
  0.6901342  -0.58543414 -1.7185681  -2.4951386   0.72449386 -1.206495
  0.10267355 -2.0174594   0.45907202 -0.88851434 -0.23538639  2.439536
 -1.5599419   1.0150784  -0.6790058   1.6256154  -0.8867722  -1.0015218
 -1.0386196  -1.9903798  -1.2812326   0.85639817 -0.00989282  1.056025
  1.5825104  -1.0620008   0.7648048   3.3371055   2.1022658   0.41505212
 -0.8114344   2.1915174   1.2625592   1.230449   -0.04242713  0.90106744
  1.1569036  -0.28851035  1.1243268  -0.0739513   1.3550031   1.9012419
  1.3363895  -0.67970663  1.1043402  -1.1494428  -2.3414254  -1.5788591
  0.8532763   0.43924928  1.0489392  -2.2730045  -0.17603694  1.7051227
 -1.8737589  -1.7932708  -1.3987528   1.3725784   2.2547777   1.7889528
 -1.206627   -1.1380297   1.1212485   1.1771194   1.9981502  -0.92279136
  2.185773    1.4036043   1.5534859   0.7118145   0.8311013   0.76089954
  0.91574854 -0.8727627  -0.2755147   0.82236457  1.8953741   1.9793725
  2.0962453  -1.1598358   2.0900087  -1.0261877   1.6390325   1.2813342
  1.6859621   2.3471706   0.71497905 -0.7949611   1.3409544  -0.7994381
 -1.3744304   1.6154795   1.3980982  -0.72159016 -1.319884    1.3301411
  1.4934202  -0.3216711  -0.47896796 -0.07586784 -1.1074045   0.5105112
  1.5912251   2.1667438   0.5892144   1.2544379  -0.7218998  -1.1638881
 -1.1176832  -1.2151587   2.6124542   1.5711519   0.87903386  1.2068205
 -0.77062047  1.9340056  -0.66291684 -3.216876  ][[-0.9175326   1.3101348   0.56595    ...  1.3555691  -0.0221764
   1.3756417 ]
 [ 1.2677679   1.7477614   1.4739534  ...  1.5731181   0.0814812
   1.6177597 ]
 [ 1.4218119   1.5429957   1.425394   ...  1.493852    0.07753503
   1.3831475 ]
 ...
 [-2.4449553  -1.8238707  -1.5676655  ... -1.1657767  -0.04001063
  -1.2512738 ]
 [-1.7556194  -1.5342273  -1.3335879  ... -1.4582641   0.05178341
  -1.3942164 ]
 [-0.58247566  2.0441265   0.1566791  ...  1.4417462   0.07320137
   1.3871062 ]][ 1.7696335  1.701066   1.6800116 -1.9558153  1.5801197  1.4796444
  1.4639965 -2.2662227 -1.5535936  1.2312015][[ 0.04068859  1.8947403   1.8213485  -0.674302    1.8636256   0.27411053
   1.8997239   0.220195   -1.7868834   0.8528358 ]][0.68102026][[-2.99202442e+00  1.00033276e-01 -1.63369909e-01  8.06082860e-02
  -9.87466872e-01  3.38823199e-02  2.43918681e+00 -7.24437507e-03
  -1.72238305e-01 -6.31190613e-02 -4.82926399e-01 -1.44619703e+00
   1.61972135e-01  3.04413795e-01  6.95316717e-02 -7.89160204e+00
   2.96747871e-02 -1.84911287e+00  4.46327683e-03  4.12169188e-01
   1.53917754e-02 -1.24051817e-01  4.96595912e-02  6.27354383e-01
   2.70961225e-01  1.13791919e+00  4.71562386e-01  5.36080480e-01
  -1.17469382e+00  7.06634820e-01 -3.45183074e-01 -6.32700548e-02
   1.31046557e+00  8.61575305e-01 -2.51836872e+00 -4.20027375e-01
   1.04202881e-01  6.72923774e-02 -1.56670976e-02  1.09430170e-02
  -2.25442499e-01 -1.83132097e-01 -1.34776819e+00  1.33484507e+00
   1.85095102e-01  7.90484324e-02  3.35482098e-02  9.93854761e-01
   1.54573441e+00  8.37862730e-01  2.11280155e+00 -1.49695766e+00
  -9.45665762e-02  5.53433411e-02 -1.22982278e-01 -3.07633489e-01
   5.53388476e-01 -4.22943950e-01  3.30046043e-02 -7.45343268e-02
  -2.24642172e-01  5.69276690e-01 -1.00315422e-01 -2.52594382e-01]
 [-7.78141594e+00  2.78545952e+00 -6.10683739e-01 -1.44419551e+00
  -2.40494967e+00  2.54718447e+00  5.31497097e+00  1.94913960e+00
   5.38189459e+00 -1.43388700e+00  1.56932914e+00 -1.21741877e+01
   2.08378172e+00 -5.28903151e+00 -7.54233956e-01 -1.42726879e+01
   8.53794098e-01  2.24396992e+00  2.63252878e+00 -1.03609991e+00
   9.22646642e-01 -2.33777952e+00  1.62710369e-01 -2.21516442e+00
   2.35445809e+00  8.17212105e+00 -5.64047575e+00 -4.76207542e+00
  -3.32662821e+00 -2.07594681e+00 -7.96813145e-02  5.98280239e+00
  -2.75780630e+00  4.17979050e+00 -4.27849442e-01 -1.50285685e+00
  -1.34771669e+00  2.76000762e+00 -1.92480206e+00 -2.38008118e+00
  -5.29457140e+00  1.56834888e+00  3.72750711e+00  2.93075299e+00
  -1.58909333e+00  1.84172809e+00  3.35409999e-01 -2.84327769e+00
   6.48204994e+00 -3.66136241e+00  5.94476032e+00  2.71950420e-02
   3.06302404e+00  2.45559525e+00 -8.97660792e-01 -3.80325294e+00
  -1.38155544e+00  7.69640446e-01  2.55921912e+00 -1.95529318e+00
   4.96232986e+00 -7.68631506e+00  1.94675934e+00 -1.68424952e+00]
 [ 1.12933636e+01 -1.99875236e+00 -9.42597330e-01  1.13478732e+00
  -8.31557846e+00  9.94022310e-01 -1.44851551e+01 -4.86088485e-01
  -4.49906826e+00  1.08557813e-01 -2.41559434e+00  4.56265306e+00
   1.00950527e+00  2.22483993e+00  1.36843956e+00  1.49448500e+01
  -1.02895093e+00  4.94508171e+00 -1.89372241e+00  2.79797745e+00
  -1.72832215e+00  1.08398426e+00  8.60623538e-01  2.33596063e+00
  -7.43403578e+00 -6.18883014e-01  1.14476194e+01  2.13877940e+00
   4.20071363e+00  2.44309258e+00  1.49041474e+00  6.93751335e-01
   2.22999763e+00 -1.72005010e+00 -3.52783293e-01  3.17045093e+00
   1.54106987e+00 -2.28782940e+00  1.17181838e+00  2.19702125e-02
   2.87827206e+00 -1.42542744e+00 -3.73312068e+00 -1.23858099e+01
   1.67967427e+00 -2.65784931e+00 -5.23940861e-01  7.18149376e+00
  -3.48293734e+00  3.93964958e+00  5.33197701e-01  1.99417725e-01
  -1.85433710e+00 -6.47730291e-01  1.01261711e+00  3.44029665e+00
   3.67897034e+00 -2.12103081e+00 -1.38402772e+00  5.15667248e+00
  -1.52587950e+00  9.92691144e-02 -1.78691819e-01  3.72455502e+00]
 [-6.93194294e+00  1.65833521e+00 -1.36589622e+00  5.55029631e-01
   3.29179987e-02  2.69220304e+00  7.66269684e+00  2.40032864e+00
   2.69268680e+00  3.65917110e+00  2.07844925e+00 -1.08923550e+01
   2.43744779e+00  1.01556516e+00 -2.85697532e+00 -1.57169094e+01
   2.20343184e+00  2.56153917e+00  1.25673175e+00  3.17472315e+00
  -1.02904844e+00 -1.77871776e+00 -1.22294891e+00 -2.55039191e+00
   3.80013037e+00  7.78781843e+00 -2.02407312e+00 -2.50976181e+00
  -5.47930908e+00 -2.99453306e+00  2.92862749e+00  4.76369572e+00
  -1.84061944e+00 -2.04751968e+00  2.02996492e+00 -3.10498738e+00
  -1.40982020e+00  1.96463788e+00 -1.85978711e+00 -3.25997376e+00
  -4.68919134e+00  3.27435184e+00  5.33087015e+00 -1.16735101e-01
   1.79986373e-01  1.38008499e+00 -1.11316001e+00 -4.22348547e+00
   3.14966273e+00 -2.82098055e+00  3.89343357e+00  2.19156003e+00
   1.09512174e+00  3.22941256e+00 -3.19568968e+00 -3.75628781e+00
  -2.62488961e+00 -7.29064405e-01  9.98470962e-01 -1.56160676e+00
   2.65326166e+00 -4.22313738e+00 -2.49702597e+00 -3.14328623e+00]
 [ 8.78670141e-02 -7.54470468e-01  1.43837702e+00 -7.59131789e-01
   1.09009528e+00 -2.16150388e-01  1.37005504e-02 -2.03245091e+00
   6.71842813e-01 -2.71317101e+00  2.48429203e+00 -6.57112062e-01
  -9.49618593e-02 -1.61687863e+00  1.14264572e+00  1.91087353e+00
   1.97177097e-01  1.48501730e+00  2.63624698e-01 -3.32566500e+00
  -4.24081653e-01  7.24478006e-01  6.76756501e-01  1.60114729e+00
  -1.02490747e+00 -7.01710415e+00 -5.33105659e+00 -2.41685796e+00
  -4.89245445e-01  4.00781012e+00 -1.53231692e+00  1.26942170e+00
  -1.51306717e-02  7.92450130e-01  2.06725073e+00 -8.21718395e-01
  -8.74286592e-01 -3.00170660e+00 -6.85395837e-01  9.96758223e-01
   1.42088845e-01  4.55484092e-01 -2.23440909e+00  3.66973209e+00
  -4.96727288e-01  3.46223503e-01  2.48664901e-01 -7.01466322e-01
  -1.48170292e-01  9.61203098e-01 -1.66572011e+00 -5.45228660e-01
   5.25971115e-01 -1.37241220e+00  1.47846067e+00 -1.60020173e+00
  -5.24868131e-01 -4.79700506e-01  8.14610779e-01  7.82659233e-01
   1.57475376e+00  4.80216205e-01  7.25435138e-01  6.80764556e-01]
 [-2.00517321e+00 -1.01115279e-01  6.88581884e-01 -9.82015848e-01
  -4.00900173e+00 -6.60370469e-01  2.36284995e+00 -9.49015558e-01
  -2.02339697e+00 -1.44937527e+00  2.05887839e-01 -5.73236656e+00
  -5.67345858e-01 -5.30184507e-01 -5.98967314e-01 -1.17656212e+01
   8.59001696e-01  1.92566717e+00  7.52375722e-01 -1.10315979e+00
   9.22801554e-01  6.16500914e-01  9.81633306e-01 -3.12972665e+00
   1.72402680e+00  5.25182962e+00 -1.86837232e+00 -2.34487176e+00
  -3.63201588e-01 -1.35637689e+00  7.23300815e-01 -3.12755138e-01
  -2.39863467e+00  6.05314374e-02  3.20524216e+00 -2.81227279e+00
  -7.17059791e-01 -6.49586380e-01  5.66219926e-01  9.71594572e-01
  -1.22336400e+00 -3.50487709e-01  6.63687646e-01  5.69934130e+00
  -6.19911730e-01 -6.16678476e-01  1.07913709e+00  4.13878709e-01
  -6.13535464e-01  3.54257375e-01 -4.07006741e+00  1.87601233e+00
   1.77827463e-01 -8.02736282e-01  1.29507744e+00 -1.15793550e+00
  -2.02674031e+00  2.35172319e+00  4.65134263e-01 -2.21798092e-01
   2.79127908e+00 -1.56495309e+00  5.68251610e-01  3.25252682e-01]
 [-2.85354161e+00 -1.90953031e-01  5.87377608e-01 -5.16618073e-01
  -1.65353429e+00 -7.30851233e-01  3.27356982e+00 -8.13694537e-01
   1.12354374e+00 -1.41622078e+00  1.71503294e+00  9.45751011e-01
  -6.99928463e-01 -1.14174783e+00 -1.36042714e+00  3.01865387e+00
   2.78595209e-01  2.61996555e+00  3.04638475e-01 -2.66180325e+00
   6.45606458e-01  4.19348449e-01  5.22515059e-01  1.42656589e+00
   1.95701766e+00  5.66009855e+00 -4.46965504e+00 -1.39569163e+00
  -4.65247244e-01 -4.83333975e-01  5.81008904e-02 -1.09565012e-01
  -1.53308666e+00  2.02585387e+00  1.03013265e+00 -4.47939336e-01
  -4.63903487e-01 -1.97184071e-01 -2.97300816e-01  5.53119540e-01
  -8.69622588e-01 -9.79230821e-01 -8.69936407e-01  6.29507780e+00
  -6.93391681e-01 -5.90220809e-01  9.43800032e-01  1.53128281e-01
  -3.03351551e-01  8.71756852e-01 -3.79732728e+00  1.10393274e+00
  -1.47526622e-01 -8.45857561e-01  5.25310397e-01  1.07160574e-02
  -1.53043175e+00  1.86218023e+00  5.34473896e-01  1.77953088e+00
   9.25542235e-01  1.18877506e+00  1.79915452e+00 -1.62602663e+00]
 [ 6.81465089e-01 -4.79638845e-01  7.75229335e-01 -8.28540325e-01
   2.72718668e+00 -4.60056245e-01  7.24403501e-01  2.06443489e-01
   1.18783450e+00 -2.30615616e+00  2.56588030e+00  3.32554650e+00
  -7.40403354e-01 -5.40843248e-01 -7.24845469e-01  1.40956879e+00
   3.19976926e-01  3.39324665e+00  8.95887837e-02 -1.79644084e+00
   1.24649274e+00  2.61714131e-01  5.07801831e-01  2.79369086e-01
  -3.31966251e-01  5.64625931e+00 -2.52110648e+00 -1.37190962e+00
   1.18471608e-02  2.25489759e+00 -1.24168050e+00  1.07300830e+00
  -1.41379607e+00  1.35195386e+00  8.28075409e-01 -2.26118708e+00
  -5.83213389e-01  1.19174075e+00 -1.08066186e-01  3.91723424e-01
  -2.33850023e-03 -3.35032910e-01 -2.75122881e+00  4.51903629e+00
  -4.08121884e-01  5.31221390e-01  9.13584471e-01  8.58438671e-01
  -5.88248074e-01  2.78898716e-01 -3.58553624e+00  1.12660182e+00
   6.54471397e-01  4.65665221e-01 -1.95037663e-01 -6.86861128e-02
  -1.01622534e+00  1.87122142e+00  6.29700541e-01  1.25815377e-01
   7.25378931e-01  9.81838882e-01  1.34436178e+00  3.34232569e-01]
 [ 5.14119577e+00 -6.02026582e-01  8.82273555e-01 -6.00575924e-01
   8.34817791e+00 -1.51917768e+00 -4.06780624e+00 -2.40573072e+00
  -8.77391517e-01 -1.51606250e+00 -1.06662619e+00  3.24228287e+00
  -2.62817264e-01  1.45298409e+00  3.02293479e-01  2.60702658e+00
  -6.23891115e-01  3.85369563e+00  7.59628117e-01 -6.61897123e-01
   7.13056326e-01 -6.75334394e-01  5.41850209e-01  1.32393038e+00
  -2.64576507e+00 -4.92218113e+00  5.45869470e-01  2.87190437e-01
   3.15183926e+00  4.34060717e+00 -1.84463546e-01 -2.23211622e+00
   1.70490932e+00 -3.39375883e-01  2.91336441e+00 -7.57696211e-01
  -1.05163610e+00 -2.31025243e+00  1.98025072e+00  1.53681481e+00
   1.32691097e+00 -1.48459411e+00 -4.78827667e+00  4.02556372e+00
  -1.07548165e+00  4.34743643e-01 -6.53833374e-02 -1.97967768e-01
  -5.44462395e+00 -4.45539325e-01 -3.11412907e+00  1.03197956e+00
  -2.53931016e-01 -2.08806038e+00  1.74551260e+00  3.32501978e-01
  -1.30730283e+00 -7.33828664e-01 -3.60098541e-01  3.38831997e+00
  -1.02563930e+00  1.90685248e+00  5.50187945e-01  2.46802354e+00]
 [ 1.94575703e+00  1.05027631e-01  9.57385123e-01 -8.41507316e-01
   5.68165398e+00 -8.92346919e-01 -5.23054790e+00 -2.03597665e+00
   3.63180161e-01 -1.88307023e+00 -1.44621158e+00  2.32069135e+00
   1.20448142e-01  1.47120404e+00  2.11555302e-01  1.07678146e+01
   7.48498321e-01  1.13604617e+00  7.72774458e-01 -1.35972333e+00
   4.52883661e-01 -6.63445950e-01  1.40521848e+00  1.22309005e+00
  -1.07599366e+00 -6.08639860e+00  1.03779907e+01 -2.17071712e-01
   1.79932535e-01  2.83559108e+00 -1.22564375e+00 -3.52346706e+00
   1.29379463e+00 -2.07634166e-01  3.03189248e-01 -1.46862137e+00
  -8.24405491e-01  1.85161960e+00 -1.88338578e-01  7.26562023e-01
   1.70088446e+00 -1.31618786e+00 -3.34952068e+00  1.40639067e+00
  -8.18713486e-01  8.53485823e-01 -1.07017124e+00 -6.12027407e-01
  -5.30332470e+00 -1.00533938e+00 -2.72987366e+00 -4.37999725e-01
   6.17378831e-01 -1.48100793e+00  3.48634154e-01 -1.81801617e-01
   2.27472544e-01 -2.82668769e-01  7.00116336e-01  3.44430280e+00
  -1.48258781e+00  5.36131048e+00  5.91945529e-01  1.89161265e+00]
 [ 5.44253206e+00 -2.32876348e+00 -1.44847119e+00  1.69069564e+00
   8.19924399e-02 -5.88167727e-01 -5.08568668e+00 -1.28465402e+00
  -2.84650254e+00  3.90380144e-01 -4.65513515e+00  5.79520321e+00
  -6.84350967e-01  4.21797037e-01  3.66359019e+00  1.06670036e+01
   2.09997013e-01 -1.30421000e+01 -1.53201759e+00  2.21308064e+00
  -1.72774935e+00  1.02257264e+00 -1.96311402e+00  3.34658527e+00
  -3.78188610e+00 -8.18103600e+00  1.42642441e+01  5.88886452e+00
   1.85834777e+00  1.35206401e+00 -8.25966895e-01 -4.47784519e+00
   4.18633461e+00 -2.54108399e-01 -5.17764425e+00  2.28815413e+00
   1.87198305e+00  7.89251983e-01  1.80746281e+00  8.51596951e-01
   2.13718581e+00 -7.47170866e-01 -3.13806605e+00  4.08413601e+00
   1.78302109e+00 -2.39715624e+00 -8.35228264e-01 -9.38074112e-01
  -4.92175865e+00  1.14056993e+00 -8.71229708e-01 -3.62490249e+00
  -2.77498055e+00 -1.14253032e+00  7.03686178e-01  4.58840609e-01
   1.89541209e+00 -3.30775410e-01 -2.68086171e+00 -6.99008942e-01
  -3.82584715e+00  4.40868235e+00 -6.79785192e-01  5.93015385e+00]][-0.01626119 -0.17963645 -0.01090384 -0.20616692  0.00418925 -0.04805951
  0.1031746  -0.08972771  0.03811982 -0.0252251  -0.06502364]