[[ 2.8452837   0.2594215  -2.459977   ...  0.49585146 -0.08526508
   1.1258473 ]
 [-3.2574217  -3.0881128   3.5232303  ... -3.3646333   0.08635072
  -1.9301993 ]
 [-0.84396565 -0.47716638  2.8462331  ... -1.5197434   0.03663369
   0.9607878 ]
 ...
 [-2.0057108   2.043625   -3.2273104  ...  3.799224    0.05585425
  -4.935367  ]
 [-2.109321   -2.151795   -2.0186996  ... -6.810266    0.07957546
  -2.5741754 ]
 [-2.4219348   4.8929014   2.3797834  ...  0.86795074  0.10346852
   6.5980725 ]][[-0.9093399   0.7283321   5.13827    ... -2.342511   -2.3651059
  -4.521038  ]
 [ 9.35623    -2.9491243  -2.630478   ... -5.383281   -5.646105
   3.2801783 ]
 [-2.5854645   2.591363    1.2041063  ... -2.5092573  -2.5975776
  -5.280851  ]
 ...
 [ 1.4742584  -0.6864537  -2.7856672  ...  3.3625743   3.861538
   2.941415  ]
 [ 4.2361255   3.6119194  -1.2246552  ...  3.79773    -5.8679028
   5.7214246 ]
 [ 0.71433717  2.0751777   6.7551455  ... -1.4708323   1.6194423
  -3.561024  ]][ 4.166493   -7.156792    3.599133   -3.6465278  -4.4008775   5.7938685
 -1.7091087   2.9413981  -1.1869576  -1.1744502   5.654043    5.8141265
 -2.0407114  -6.2784314   2.9854658  -3.2815156   2.1223447  -4.04182
 -5.772235    2.1208534  -4.0855155  -1.5329005  -6.086211   -0.69946
  1.5249146  -7.349988   -2.1431553   2.131951    3.07128     0.6689062
  3.5969038   6.192605    0.36796457 -4.6288056   3.1103654  -5.3338575
 -3.179324    4.5852637  -3.9010656   2.8399348   4.0709343   3.2199988
  2.8513927   5.118732    1.0480585  -3.7909555   2.904591   -2.6974561
  3.0818624  -2.8414543  -2.9611034   3.233087   -3.7344143   2.0423496
 -3.1568344  -1.1847723   5.427522   -3.079236   -0.84145504  3.7955618
  0.8910104   4.26562    -4.162903    4.1615596  -6.0603495   6.6836696
  4.020908   -3.6170914  -2.2511702  -0.08718789  4.8166895  -1.9223126
  5.2063584   2.838173   -3.6594353  -4.408992   -1.7908748   2.7094889
  3.0295172   0.9837724   2.2766645  -1.9401522   3.4729633  -2.9157937
 -0.92938447  1.1807016   2.5154088  -3.3067646   4.3078804  -1.8708872
 -0.59928274 -2.3721008   4.3529773  -1.5940404  -3.2584503  -6.6160774
  4.591248   -2.0113258   1.5861387   3.2720704  -4.448059   -1.0957868
  1.1546894  -7.0815983  -6.415326   -3.8448427  -5.0403857   5.456276
 -4.231738   -7.873294   -6.879377   -2.8609498  -6.8078237  -3.9418983
 -5.824582   -6.982001   -3.9682486   3.8373406  -5.864356   -2.294807
  1.4271379  -6.2019057   1.2007586  -1.1722351  -2.179243   -6.637967
 -0.52303886  5.3710437 ][ 3.9025729  -7.056868    3.734206   -3.324787   -4.4087257   5.7581077
 -1.7282921   3.0798132  -0.9869376  -1.069793    5.4753885   5.5959706
 -1.9385417  -6.443057    3.164773   -3.3006456   2.2766137  -4.1293397
 -5.7506337   2.151402   -3.7816732  -1.2871367  -6.017125   -0.453438
  1.4252417  -7.244733   -1.9734534   2.1261723   2.971909    0.76953566
  3.7777395   6.5112777   0.13473989 -4.6196146   2.9304764  -5.376253
 -2.9057996   4.8275046  -3.936926    2.8418999   4.327327    3.1168673
  2.9172783   4.9984546   1.1755273  -3.8258135   2.7461877  -2.6952634
  2.953377   -3.0186217  -2.9944146   3.0664225  -3.6538575   2.180172
 -3.2274392  -1.0736998   5.217789   -3.1437736  -0.8407291   3.7799454
  0.80371386  4.3140993  -4.305624    3.8741417  -5.8488016   6.638252
  3.9266179  -3.578663   -2.1110756  -0.25144163  5.0371475  -1.7697207
  5.204834    2.7477288  -3.5914738  -4.323449   -1.8571739   2.8321166
  3.1936047   0.8835086   2.3703277  -2.1501808   3.2357209  -2.9379158
 -0.7440741   1.1987623   2.4267955  -3.0410116   4.1980977  -1.9860753
 -0.6698835  -2.411797    4.3167133  -1.6237605  -3.337046   -6.560199
  4.7568445  -1.8584331   1.5660527   3.3804214  -4.4113774  -1.0474048
  1.2788637  -7.158171   -6.612646   -3.9159963  -5.136415    5.5201535
 -4.2761593  -7.8265038  -6.884811   -3.0782585  -6.5668635  -3.8625765
 -5.665318   -7.2536116  -4.0393424   3.8311806  -5.958883   -2.1381197
  1.2196499  -5.957872    1.2913915  -1.1060663  -2.1459055  -6.625489
 -0.6076461   5.296045  ][[-2.3563316   1.206978   -0.45719728 ... -1.7262839  -0.16543025
  -2.3292224 ]
 [-1.3733791  -3.108775   -3.2400727  ...  2.1521356   0.14156534
  -5.069972  ]
 [ 2.7013936   0.0442214  -0.2603506  ...  2.0636191  -0.09845729
   1.3956681 ]
 ...
 [-2.67901     2.4925086   1.3237826  ... -2.6751513   0.02134308
   2.4989069 ]
 [-2.8433294  -2.381972   -1.5168794  ... -2.9490433   0.01793213
  -2.5441544 ]
 [ 0.46165574  3.1812625   3.2023385  ... -0.8433364  -0.01504219
   3.8341544 ]][[-2.6945682  -2.4932487   0.4040111  ...  2.436373    2.226009
   0.7600498 ]
 [-2.5759985  -3.6307793  -0.20130523 ...  2.487042   -2.6268046
   4.6088095 ]
 [-2.155067   -0.48248234  2.4127662  ...  2.2250178   1.8106822
  -1.4747293 ]
 ...
 [-2.4789248  -3.0040755  -2.7088013  ... -2.4071352   2.7002866
   3.721086  ]
 [-2.82946    -2.533278    2.5715692  ...  2.7032843   2.692475
   2.6192884 ]
 [ 2.9683175   3.3888173  -1.3888199  ... -2.7426062  -2.678924
  -4.332234  ]][-2.395218   -4.259028    5.0796165  -1.5708117   2.756704   -2.662619
 -3.2303188  -4.0706835  -0.99650365 -3.2001543  -3.1030176  -2.7852108
 -3.652001    4.361596   -2.908395    5.152904   -1.1549926  -5.0894394
 -2.4791915   3.5988011   3.479271   -3.1768835  -3.647213   -3.7434254
 -4.390456   -3.1768193   2.456178    4.67173    -3.1602478  -3.0191548
 -3.0460384   3.3313622  -2.2161784  -3.1038563   4.327189   -0.53830063
  2.953044   -2.7494423  -3.1526353  -3.2810082   2.4666283  -3.0139937
 -2.4450767  -2.212264   -3.9254625   3.7568865  -2.578515    2.2010481
  2.9364974  -2.8192298  -2.516993    2.8692217   2.895494   -2.860654
 -2.8700862  -2.8307626  -2.2656353  -3.125477   -0.5371122   1.6478167
 -3.3037174  -2.5382261  -3.0751004   2.8480341  -3.7325416   3.522472
  3.237991   -2.8188558   0.7683834  -3.1221383  -2.4058716  -1.1640391
 -0.12407949 -2.1816757   3.883241   -1.5953498  -3.302843   -4.725894
  3.3211958   3.0675302   3.1896088   3.0942245  -2.3277125   3.790801
 -4.887408   -2.2180424   0.0515781   1.9717317   2.3165553   1.9496417
 -3.3231401  -3.0623765   3.4270613   1.8072312   2.5759184  -3.1941717
 -2.6323106  -4.3103228   1.7042      1.7316289  -1.0602597  -2.7832003
 -3.0394332  -3.7899444   3.219065   -3.0832763  -2.5914032   3.1876872
  0.31113908  5.1827273  -2.7962573   4.2649946   1.3486495  -4.9427824
 -2.6452253   3.4691927   4.3662543  -3.1479657  -3.6077893  -3.8983474
 -4.4537635  -3.2477462   1.858216    4.276807   -3.1431375  -3.2415445
 -3.2537608   4.606659  ][-2.546523   -4.287958    5.249147   -1.4882231   3.008522   -2.8970568
 -3.010502   -4.1512074  -1.1831003  -3.2874043  -2.8462355  -2.7924392
 -3.5917788   4.576429   -2.9971447   5.022671   -1.3294605  -5.0944304
 -2.417906    3.479793    3.3307958  -3.0084245  -3.6834443  -3.6643293
 -4.40171    -2.9599211   2.3695908   4.9005427  -3.132444   -2.9030237
 -3.0897338   3.4415033  -2.2493017  -3.1744204   4.2748322  -0.44782367
  2.8015165  -2.5404186  -3.2884781  -3.290659    2.1738076  -3.0200725
 -2.668406   -2.2081497  -3.7998018   3.9360871  -2.6619606   2.2340598
  3.2200997  -2.760877   -2.7017126   2.6717873   3.0039775  -2.894277
 -3.0302818  -3.054776   -2.1416252  -2.8447347  -0.6325053   1.6266148
 -3.3338258  -2.6221917  -3.168046    2.9207523  -3.953801    3.4437964
  3.3361416  -2.975146    0.80925983 -3.0061185  -2.2465403  -1.2114081
 -0.04295278 -2.1335318   3.8618677  -1.8507011  -3.2667427  -4.695362
  3.2565234   3.1762567   2.9765062   2.8003762  -2.2712247   4.0525675
 -4.8811297  -2.1100376   0.03018102  2.2323577   2.25618     2.255016
 -3.0986598  -3.1396923   3.2745624   1.8418556   2.3951008  -3.278415
 -2.4479413  -4.3430977   1.5032591   1.5129418  -1.0243404  -2.6620028
 -3.1281617  -3.8760173   3.091678   -2.9605875  -2.7695558   3.3615024
  0.16138428  5.246407   -2.6871417   4.484234    1.4646173  -4.9620275
 -2.5700693   3.654926    4.499083   -3.0680258  -3.5539408  -3.5700445
 -4.382264   -3.0586329   1.9815232   4.4759607  -3.211105   -3.2008648
 -3.1221516   4.5733    ][[-4.087915    0.21729112 -3.1765912  ...  2.6716092  -2.8498209
   2.6019213 ]
 [ 0.976576    2.7075288   2.0815258  ... -2.6653287  -2.5643876
  -4.756239  ]
 [-2.1357462   0.45835122  3.0370996  ... -2.4425912   1.2423769
  -4.099532  ]
 ...
 [ 1.5366871   2.4391422  -0.23849249 ... -2.7823486   2.76777
   1.853629  ]
 [-4.3249907  -2.6754494   2.3682995  ... -2.7304552   2.7109325
  -0.18398626]
 [-2.331891    4.784295    0.06506845 ... -2.7415216  -2.5052724
  -1.2818389 ]][[-1.8189236  -2.0312963   2.9401317  ...  1.9669132   2.4765847
   0.90087444]
 [ 3.4016972   2.3511565  -3.1497984  ... -2.4096398   1.8456925
  -1.3302873 ]
 [ 2.9942913   1.8531835  -2.5247803  ... -3.4061344   2.9816477
   2.995951  ]
 ...
 [ 2.6278574  -1.47731     1.6431245  ...  1.2751478   3.4898605
  -3.4411044 ]
 [ 2.457357   -0.53370255  0.8270848  ... -2.595409    2.7415247
  -1.38923   ]
 [-0.03187614 -0.4888109   0.70407397 ... -2.956299    2.6856008
   4.957473  ]][-2.0610394   4.400499    3.362702   -2.1923852  -2.1620305   0.10545335
  1.7001767   2.1915975   0.25295272  1.6900469  -5.387146   -0.14587228
 -3.778025   -3.2633586  -1.3282773   1.2104921   2.2325952  -0.92543566
 -4.1034083  -4.5265923   2.7570765  -3.769829   -2.8129368  -0.53519213
  3.1666272   2.739493    2.7491794  -5.404101    3.9508634   3.5448525
 -2.5824864   2.1585863   0.97882205  6.247915   -1.3734527   2.3835697
  2.9165397   2.3239849   2.156365    1.7510716  -3.500425   -2.2180054
 -2.732905    4.4835677  -4.00975     3.86953     1.7729552   0.71855617
  2.5254462  -2.8952596   0.84959674  3.446199    2.2094188  -4.168359
  3.6767592   1.4352148  -5.489316    4.287517   -2.450957   -5.2273154
  1.1582819  -0.5639791  -2.0810077   1.7691786   1.676545    4.0974793
 -2.6725192  -3.0627532  -1.9922315   0.67834944  1.6378238   1.8044033
  3.9714308   0.36413386  1.5655981  -2.7841818  -3.8253462   3.2153273
  1.1839447  -1.4734167   4.171694    0.56889796 -2.4442308  -4.4959702
  2.1084387  -3.6321628  -1.6247172  -4.4430275  -0.75703865  2.166844
  6.8701572   3.062071    1.3047385   4.949529   -1.611666    2.756803
  1.3761021   4.4986424  -3.5219615   1.9113634   0.21395376 -4.2371655
  2.7142005   0.36695343 -2.8333015   2.4199567  -2.6379333   2.0590856
 -2.8008354  -0.6838289   0.6982747  -1.8875501   3.4100552  -2.2052414
  0.05421707  3.1604443  -2.7524655  -3.3010828   3.3419383  -0.04563534
 -2.8755813   3.7747278  -3.632619   -1.1333541   1.7410321  -1.1934867
  2.5347848  -1.6085458  -2.9186368   2.0384827  -3.178295   -3.5243435
  3.5919225  -2.1319096   3.274099   -2.8730125  -3.8285043   1.2681346
  3.2229595   2.7490578  -3.5325766   2.1920488  -2.0775087  -1.8764092
  3.3176374  -1.7384496  -2.4985704  -0.9076148  -2.5052168  -1.3593484
 -3.4819908  -0.9336278  -4.412945   -3.2646596   1.868004    2.427189
 -0.16549824  2.7316678  -2.82995    -1.0168643  -2.3653073  -0.76064456
  4.364719    2.7919884  -3.01406    -2.988114   -0.70998067 -1.0310009
  4.279989   -1.4094114  -2.6488736   3.7344935   1.8945348   1.7991991
  0.09913041  0.86543095  1.7618136  -1.650402   -3.1466455  -3.5988252
 -2.192576   -3.2500944   2.5967298   3.4135334  -1.1208599  -4.0624547
  3.4529917  -4.268663   -1.2204447   4.2929215   0.7319299   4.4241014
  3.726692    4.1918716   3.4150174   1.8835378   1.8576744   2.8307106
  3.2747908   2.2884119  -3.267928    1.1466118   1.0125837   4.4576488
 -1.2564349   2.212184   -3.7702298  -2.0813835  -1.6117954   1.9011805
 -5.2504735   1.1182466  -1.741869   -3.3639028  -2.6294172  -3.5864143
  2.3730803  -4.701523    3.772185    3.8667538  -0.5286856   4.4276385
 -2.5810738  -4.2006974  -3.3794682   2.472872   -3.5630212   2.289493
 -2.4901762  -4.1320553   3.279885   -3.3310344   1.5887355  -4.234846
 -4.2605577   3.536512   -4.4148445   3.5205603   2.5197668  -4.116361
  0.64973253  2.1737292  -2.593957    4.8668857  -1.9339551  -4.4427752
  4.8155456  -1.510212    1.1037977   4.1561575   1.4475584   0.29869512
  3.2251704  -3.159864   -2.323992    1.0521475 ][-1.9731414   4.386794    3.3717601  -2.2106843  -2.2984214   0.2750508
  1.5097784   2.2396123   0.33716154  1.7005242  -5.2326107  -0.30367425
 -3.7815726  -3.4727178  -1.3903935   1.3342793   2.144      -0.9378252
 -4.0735807  -4.440207    2.6666064  -3.6513212  -2.7378204  -0.4598976
  3.305044    2.580308    2.7915988  -5.270851    3.982355    3.6303923
 -2.7523353   2.0096798   0.9467036   6.2854095  -1.4266956   2.312177
  2.9403248   2.4802392   2.2476902   1.7082067  -3.4970732  -2.3181815
 -2.5826101   4.415461   -4.02821     3.891761    1.7212701   0.8085558
  2.6830676  -2.8858798   1.0202526   3.2666283   2.1149588  -4.189423
  3.6541386   1.4253297  -5.559061    4.1657906  -2.4566054  -5.2218537
  1.1545508  -0.57929975 -2.1201406   1.7858057   1.486636    4.2835264
 -2.7871623  -3.131987   -1.9827248   0.6388801   1.7505388   1.8430796
  4.039166    0.42839423  1.6468966  -2.7418656  -3.6280086   3.3374376
  1.1673998  -1.5825619   3.9586883   0.7613055  -2.4399185  -4.7019634
  2.1488981  -3.5403643  -1.4332664  -4.437109   -0.7765531   2.3864384
  6.6981564   3.295091    1.4108156   4.9918947  -1.795527    2.7197905
  1.2298454   4.59158    -3.6396341   2.023837    0.2877182  -4.336558
  2.664793    0.22929803 -2.6910677   2.3825345  -2.7509048   1.8607546
 -2.7704995  -0.7749995   0.7245156  -1.9313195   3.2883058  -2.0850756
  0.0644348   3.259417   -2.689439   -3.2477357   3.364401   -0.21300922
 -2.715868    3.999606   -3.5029984  -1.1235838   1.8127668  -0.96313983
  2.688343   -1.6985173  -2.9847205   1.8091861  -3.2068126  -3.6364264
  3.4735358  -1.9618543   3.294459   -2.841406   -3.92934     1.2083371
  3.2304866   2.8563328  -3.5525196   2.0250087  -2.1231043  -1.6535729
  3.469175   -1.6274588  -2.5837317  -0.8926631  -2.5506265  -1.199616
 -3.595953   -0.96622044 -4.437744   -3.4589713   2.013603    2.4730353
 -0.283817    2.8125992  -2.8074045  -0.94957817 -2.3422134  -0.6604461
  4.4447923   2.7299304  -2.9587321  -2.9820218  -0.67693424 -1.1302625
  4.26827    -1.4338336  -2.7283692   3.6996005   1.9221017   1.7770815
  0.15826353  0.9678446   1.8905041  -1.4754487  -3.0695915  -3.4285343
 -2.3465855  -3.2574666   2.4594352   3.3861134  -1.1064508  -4.039834
  3.3846385  -4.199292   -1.1391366   4.243712    0.70775187  4.3481483
  3.6954062   4.1149883   3.5298529   1.762481    1.820755    2.9193769
  3.4284205   2.418816   -3.4050362   1.1598561   0.9750245   4.4833865
 -1.4570185   2.174205   -3.645327   -2.0162249  -1.4226104   1.9565421
 -5.2936764   1.2347568  -1.7536211  -3.3584473  -2.61867    -3.5680084
  2.2884142  -4.663249    3.7370288   3.9312975  -0.59469086  4.428546
 -2.4912221  -4.1612325  -3.265899    2.3652852  -3.5492604   2.3944478
 -2.668274   -4.0601535   3.1987677  -3.375251    1.5524734  -4.138277
 -4.3637447   3.4488153  -4.3911414   3.4984925   2.4962847  -4.0625777
  0.65577215  2.0407608  -2.4892485   4.799136   -1.8040912  -4.426946
  4.827194   -1.517438    1.0760363   4.278904    1.3989837   0.42005897
  3.2740412  -2.9641502  -2.2845695   0.9445418 ][[-0.00653204 -0.00029311  0.03072666 ... -0.02188542 -0.0221764
  -0.00256614]
 [-0.08749817  0.03080025 -0.03651237 ...  0.00393796  0.0814812
   0.03700713]
 [-0.05365467  0.0384962  -0.02450158 ...  0.07546579  0.07753503
  -0.04475392]
 ...
 [ 0.02701533  0.08459885  0.08621807 ...  0.05090234 -0.04001063
  -0.05129015]
 [ 0.00807231  0.02794444 -0.01830723 ... -0.05731165  0.05178341
   0.0039536 ]
 [ 0.0594803   0.05522571  0.05207094 ...  0.04850032  0.07320137
  -0.01460981]][ 0.01647565 -0.08663701 -0.01112026 -0.0190616   0.00376282  0.06579236
 -0.04266397  0.02373707 -0.02761912 -0.03878643][[-0.29240105 -0.05197611 -0.08307242  0.14212042 -0.08060171 -0.20655267
  -0.10085574  0.28031495 -0.02081728 -0.10541131]][-0.2425103][[ 2.60805058e+00 -2.90356231e+00 -1.26220167e+00  3.17609310e+00
  -3.02158332e+00 -3.07351971e+00  2.87180543e+00 -2.76108027e+00
   2.52388978e+00  3.66448236e+00 -1.22184861e+00 -2.18593979e+00
   7.19835341e-01 -1.00917494e+00 -9.13142860e-01 -2.74449319e-01
   2.42651790e-01 -3.31253123e+00  1.63139296e+00 -1.89481735e+00
   1.92931771e+00 -2.12560916e+00  3.99025619e-01 -1.96964920e+00
   1.69939291e+00 -1.58416390e+00 -1.95251799e+00 -2.31261420e+00
   6.03255272e+00 -1.93383229e+00 -7.03732252e-01 -1.39928293e+00
   4.87468541e-01 -4.21079636e-01 -2.20048881e+00 -6.86909556e-01
   2.00523049e-01 -1.90964949e+00 -1.27785718e+00 -1.78828180e+00
  -2.59960151e+00 -8.45658839e-01  2.98509407e+00 -1.06245577e+00
   2.93682981e+00  3.11566019e+00  1.17403261e-01  1.84036052e+00
   2.58812547e+00  2.17627287e+00 -1.88284850e+00  2.52953935e+00
   4.36552256e-01  2.48144078e+00 -2.49743652e+00  2.57461262e+00
   2.10587096e+00  1.07478356e+00  2.49764872e+00  3.41642797e-01
  -1.89261293e+00 -2.72887516e+00  7.56670237e-02 -1.17828429e+00]
 [ 2.80922389e+00  5.73944254e-03 -3.55739975e+00  1.23527682e+00
  -2.77592421e+00 -1.77077652e+02  3.04612303e+00 -3.17149043e+00
   2.96961784e+00  2.28877854e+00 -1.15680957e+00  8.78268600e-01
  -4.37634134e+00  2.11656594e+00 -4.40229845e+00  3.05013752e+00
  -1.29490871e+01 -4.26521635e+00  5.28742170e+00 -3.63304377e+00
   2.43096495e+00  3.44749808e+00 -1.16918433e+00 -4.63490200e+00
   5.44717979e+00 -1.02067316e+00 -1.05450506e+01 -2.84094024e+00
  -4.47097093e-01  3.35872626e+00 -1.72241795e+00  4.00290906e-01
  -2.55609202e+00  1.07809663e+00 -2.34256029e-01 -2.34425259e+00
  -1.11946619e+00  3.06517792e+00 -2.33614087e+00  2.91352630e+00
  -3.15236354e+00  5.98393440e-01  3.94795632e+00  1.59727132e+00
  -9.95090976e-02  2.61056566e+00  9.27105308e-01 -4.72207689e+00
   1.99634445e+00  3.57967901e+00  4.25379658e+00  4.41820025e-01
  -1.30606806e+00  5.42877674e-01 -1.92075872e+00  3.94169497e+00
  -1.90050471e+00  1.81417763e+00  1.71431684e+00 -3.30051684e+00
  -5.45695400e+00 -2.15639973e+00  2.60567832e+00 -1.15240741e+00]
 [-2.61119795e+00 -8.78884971e-01  1.33317995e+00 -5.17406762e-01
  -3.26750588e+00  9.48711491e+00  4.32499796e-01  1.47944975e+00
   1.53286672e+00 -1.28357565e+00  6.64608896e-01  1.23380589e+00
  -3.14096045e+00  4.35971308e+00 -1.80019879e+00  4.23190784e+00
  -2.16426873e+00 -3.70903897e+00 -2.16090918e+00 -3.03524566e+00
   7.73785532e-01  2.75668788e+00 -3.60598493e+00  1.63597775e+00
   3.23386979e+00  8.54973257e-01  9.25774574e+00  8.42151880e-01
   7.31479406e+00  4.03069973e+00 -3.87862873e+00 -4.79946804e+00
  -8.14797044e-01  4.63643932e+00 -5.95651031e-01 -3.41650629e+00
   4.03962135e+00  2.15948653e+00  5.00757122e+00  5.61902046e+00
   3.06573534e+00  9.39596713e-01 -1.76579624e-01  2.99532914e+00
  -1.21230853e+00 -2.81073475e+01 -3.61037135e+00 -4.86312294e+00
  -4.21058083e+00  1.56075335e+00  3.02306247e+00 -1.68110216e+00
   3.98986149e+00  2.34416389e+00  2.25217175e+00  2.75129318e+00
   9.05051172e-01  4.08317375e+00  7.85934496e+00  9.50219250e+00
   2.83871984e+00  2.42704320e+00  3.31295109e+00  3.22503835e-01]
 [ 2.17710543e+00  1.13380468e+00  3.98548722e+00  4.10244799e+00
   2.14956856e+00 -1.11253214e+01  1.09915936e+00  3.14574432e+00
   3.13948822e+00 -2.25287724e+00 -4.24947786e+00 -3.42061424e+00
   2.16845131e+00 -3.19318628e+00 -4.69105989e-01 -4.38941145e+00
   3.98052406e+00  4.00321150e+00  1.89674318e+00 -1.77133644e+00
  -1.06876469e+00 -3.16376662e+00  3.98526263e+00  3.39326525e+00
   1.05644071e+00 -2.81264877e+00 -1.09674845e+01 -3.45882082e+00
  -7.36204481e+00 -4.52158546e+00  2.42752886e+00  5.72245169e+00
  -2.39346957e+00 -7.39731932e+00 -3.05625582e+00  1.75884891e+00
  -3.02199930e-01 -1.40306950e+00 -6.08253622e+00 -2.49974298e+00
  -4.21550941e+00 -4.69141531e+00 -1.05003166e+00 -1.32481635e+00
  -2.45328498e+00  1.43857479e+01  1.34571981e+00  3.13095737e+00
   4.09060526e+00 -6.17502785e+00 -4.42934561e+00  3.33805728e+00
   9.48618889e-01  2.99612999e+00 -4.08958530e+00 -2.33971620e+00
  -8.62817347e-01  8.13793182e-01 -2.89708972e+00 -4.62549829e+00
  -9.41596603e+00 -9.48813319e-01 -3.42308259e+00  4.30063057e+00]
 [-3.94438386e+00  1.52585208e+00  4.04092026e+00 -1.67426062e+00
   2.82516885e+00 -3.06186604e+00 -2.23390651e+00  3.13224053e+00
  -1.53593028e+00 -2.44107533e+00  1.91165245e+00  1.73038375e+00
   3.38147593e+00 -3.31655264e+00  2.21251941e+00 -1.64105797e+00
   1.67883325e+00  2.23686361e+00 -1.08185267e+00  4.76500893e+00
  -2.67326999e+00 -3.57060218e+00  3.54150200e+00  3.59920502e-01
  -4.65779257e+00 -5.21020532e-01  1.85781729e+00  3.65183902e+00
  -5.77010155e-01  8.05055022e-01  2.50739622e+00 -2.00237083e+00
   3.27371407e+00 -2.28727794e+00  1.67659283e+00  3.55820537e+00
   3.28288615e-01 -1.54367268e+00 -3.06992650e+00 -1.73777342e+00
  -4.27662373e+00  4.82278019e-01 -5.72967243e+00 -1.90999639e+00
  -2.62802625e+00  6.51924944e+00  2.20884061e+00  5.16284370e+00
  -1.21949852e+00 -4.75606441e+00 -4.00511837e+00 -1.61003208e+00
   3.11583209e+00  1.86819482e+00  9.76860821e-01 -3.17689705e+00
   1.38277531e+00 -4.75902748e+00 -9.19660389e-01 -3.97608948e+00
   3.84629130e+00 -5.95589280e-01 -3.24945235e+00  2.69690228e+00]
 [-1.39358032e+00  4.52782393e+00  1.46845150e+00 -5.18544149e+00
   1.78474164e+00 -3.07362556e+00  1.57077634e+00  1.54422092e+00
  -7.59493828e-01  1.85188615e+00  2.58693004e+00  4.72369194e+00
   1.74704421e+00  3.74852276e+00  2.11539268e+00  3.97665572e+00
   2.55419672e-01  1.45617589e-01 -1.36967063e-01  2.40689182e+00
   3.43268275e+00  3.20696259e+00 -3.65357423e+00  4.05595112e+00
  -1.49382281e+00  5.35510015e+00  9.70185210e-04  3.13243210e-01
   3.87431383e-01  3.27469635e+00 -3.48926973e+00 -4.92502117e+00
   1.90492833e+00 -2.08493638e+00  4.56521606e+00  1.65036035e+00
   3.37183475e-01  1.90471876e+00  3.01366448e+00  1.54202282e+00
   2.90861702e+00  4.60265207e+00  2.97220469e+00 -9.90908265e-01
   2.13692904e+00  4.76446629e+00 -1.06967598e-01 -2.78907251e+00
  -3.75529552e+00  5.85035229e+00  3.86714554e+00 -4.83107901e+00
   3.15536594e+00  5.40132141e+00  4.56455421e+00 -1.60494494e+00
  -3.71653581e+00 -1.88002324e+00  3.17718840e+00  4.25937748e+00
   2.87729710e-01 -4.45235634e+00  3.17957091e+00 -1.19754732e-01]
 [-2.43067551e+00  2.44482636e+00  3.96891356e-01  2.17167828e-02
   3.39068079e+00 -3.05005956e+00 -2.67055607e+00 -1.87423277e+00
  -3.64745116e+00 -2.26144814e+00  1.16288614e+00 -1.46827161e+00
  -1.06254733e+00 -2.44552684e+00  3.00782490e+00 -5.09202147e+00
  -1.00447226e+00  4.52202082e+00 -4.79527187e+00  3.25506663e+00
  -3.07115436e+00 -2.41987920e+00  3.54735851e+00 -2.15049267e+00
  -4.93484974e+00 -1.68777966e+00  5.17574131e-01 -3.37987280e+00
  -4.34245729e+00  1.18292674e-01  3.28307176e+00 -1.87808156e-01
  -2.40793124e-01  1.91969359e+00 -2.56428689e-01  2.38513398e+00
  -8.75995219e-01 -1.47592127e+00 -2.97000694e+00  7.03312233e-02
  -5.02471089e-01 -1.48115504e+00 -4.47675371e+00  3.66031170e+00
  -3.38175225e+00  2.67490602e+00  4.22026014e+00  4.17674446e+00
   3.13642216e+00 -2.98290777e+00 -3.75568724e+00 -1.38011396e+00
  -3.25617838e+00 -1.21790516e+00  4.25877184e-01 -3.18781519e+00
   2.22755361e+00 -4.84560919e+00 -8.97430301e-01 -3.86204696e+00
   1.98346722e+00  7.87540019e-01 -3.03061795e+00 -5.88494956e-01]
 [ 1.41618121e+00  1.64182591e+00  3.63600922e+00 -9.10523713e-01
   2.70872545e+00 -3.07364058e+00  2.30721787e-01  3.79822469e+00
  -3.97490025e+00 -3.35362935e+00  3.38351816e-01 -2.35907412e+00
   3.37629318e+00 -3.22402358e+00  2.16522813e+00 -4.61272812e+00
   2.21833992e+00  4.11638021e+00  2.60697532e+00  2.02268529e+00
  -4.04003191e+00 -3.01332068e+00  4.02395296e+00  2.53403807e+00
  -5.98328495e+00 -2.55404758e+00  2.75784183e+00  7.06939042e-01
  -2.58491349e+00 -4.65580082e+00  1.91718924e+00 -3.08316648e-01
   1.86057940e-01 -1.15527654e+00 -2.34651208e+00  2.82980084e+00
  -3.79289007e+00 -2.74162054e+00 -3.94947028e+00 -1.73723972e+00
  -2.41274309e+00 -2.66183257e+00 -2.93339825e+00  1.16579473e+00
  -2.84616470e+00  4.91006756e+00  2.07465246e-01  2.93661332e+00
   3.87252855e+00 -2.94783449e+00 -4.09746313e+00  1.44531322e+00
  -3.46126461e+00 -3.02176571e+00 -7.64124453e-01 -2.55608439e+00
   1.20458376e+00  1.75712898e-01  9.93612647e-01 -2.03538585e+00
   3.83899808e+00  3.10027456e+00 -2.25466466e+00  5.82902288e+00]
 [ 1.72436118e+00  2.27090573e+00 -2.53833604e+00 -6.25705898e-01
   2.37649965e+00  3.13795795e+01 -1.94131303e+00 -1.24912000e+00
  -2.97147298e+00  1.98387933e+00  1.29091775e+00  3.43308163e+00
  -1.08101964e+00  1.17440975e+00  1.50466001e+00 -5.41686220e-03
   1.05866575e+00  1.04051077e+00 -2.84663224e+00  3.24953008e+00
  -2.32972717e+00 -2.08129168e+00  3.95313716e+00 -6.84113979e-01
  -3.40741968e+00  2.75355411e+00  2.09372282e+00 -6.46131694e-01
   1.38750696e+00  3.28803450e-01  4.06074882e-01  2.12158775e+00
   7.88143992e-01  2.67899227e+00  2.77906966e+00 -1.11606812e+00
  -3.45287633e+00  8.55877280e-01 -7.68221855e-01  3.40152788e+00
   3.26483130e+00  1.51920927e+00 -8.10155332e-01  8.42360079e-01
  -7.51642466e-01  8.35875797e+00 -6.87053442e+00 -3.71517348e+00
   4.30020189e+00 -5.28780317e+00  5.07014942e+00 -1.39069498e+00
  -1.65860808e+00 -3.29980254e+00  2.72091341e+00 -6.02292418e-01
  -3.59843063e+00 -8.43700647e-01 -2.38447785e+00  7.16032505e+00
   3.55220008e+00 -5.00646353e-01 -2.05076766e+00  3.89598274e+00]
 [ 3.83712125e+00 -2.89154649e+00 -1.49184716e+00  4.35506296e+00
  -2.75028706e+00 -2.88285351e+00  2.26068163e+00 -1.63067937e+00
   2.48419237e+00  3.67198682e+00 -4.49478006e+00 -1.82010305e+00
   1.20198607e+00  2.49764371e+00 -3.76157308e+00 -1.76193804e-01
  -6.47234726e+00 -5.75941420e+00  1.08138537e+00 -1.32997167e+00
   3.23425364e+00 -9.03554201e-01  3.56610084e+00 -4.80685043e+00
   2.26868629e+00 -2.01564908e+00 -3.06838059e+00  1.84740186e-01
  -1.38935852e+00 -4.26373959e+00  3.55413628e+00  1.05488539e+00
   5.11421776e+00 -2.27330637e+00 -4.04128790e+00 -4.15449142e+00
   1.57204771e+00  1.79991841e+00 -4.31937647e+00 -1.32301426e+00
  -3.54330420e+00  2.39074320e-01  4.13934851e+00 -3.84938812e+00
   4.77173996e+00  1.75479794e+01  3.09948897e+00  2.18423772e+00
   1.55493939e+00  3.78028369e+00 -2.80703259e+00  3.94239283e+00
   2.20370221e+00  3.54603648e+00 -3.91414094e+00 -5.31626761e-01
  -4.96901751e+00 -4.06251144e+00 -2.26828384e+00 -5.26828480e+00
  -2.04127598e+00 -4.37848282e+00 -1.94429326e+00 -4.57839155e+00]
 [ 3.63623834e+00 -2.12156534e+00 -3.57497334e+00  3.19641709e+00
  -3.13329005e+00  6.50577698e+01 -4.17750061e-01 -3.74571085e+00
   1.02677846e+00  4.36099911e+00 -4.12696391e-01  2.69673526e-01
  -4.23538923e+00 -6.85745597e-01  2.68470192e+00  4.25874996e+00
   5.53207254e+00 -9.77459848e-01  5.11231184e+00 -5.16053534e+00
   3.45599246e+00  4.48164034e+00 -3.92050743e+00  3.85850215e+00
   5.60485458e+00  5.09114647e+00  7.62474585e+00  3.12233710e+00
   4.11028099e+00  1.75679028e+00 -3.23397756e+00 -4.16400814e+00
  -5.75326586e+00  1.57234848e+00 -4.88506779e-02  1.38147995e-01
   1.33995926e+00 -3.28491002e-01  5.03897715e+00  1.18402734e-01
  -1.02152324e+00  2.84625483e+00  2.22052622e+00  3.51803207e+00
   1.44565272e+00  2.87441516e+00 -2.58102560e+00 -2.83579636e+00
   1.20419574e+00  3.66499329e+00  3.78322935e+00  1.01177704e+00
  -2.82763052e+00  2.28914499e+00  8.97958577e-01  1.58811569e+00
  -4.07888889e+00  1.40888262e+00 -2.81119847e+00  4.04414940e+00
  -4.21452808e+00  4.24255133e+00  3.53390217e+00 -3.07274127e+00]][  2.5601356   -6.7464247   -2.8843317  -11.530326    -1.820114
  -1.1310498    1.5113183   -2.4225464    0.36897147  -7.1707664
  -0.84029603]