[[-3.2907438  -0.12088333 -1.5219319  ...  0.37381765 -0.08526508
  -3.137423  ]
 [-3.267939    1.6298543  -1.9958724  ...  0.8284199   0.08635072
  -4.5544887 ]
 [ 2.2380366  -0.7401184  -0.62240344 ...  2.4964178   0.03663369
  -3.4157064 ]
 ...
 [ 2.651884    1.128155   -1.9142271  ...  0.04803434  0.05585425
   1.4852918 ]
 [-1.8366624  -0.5857109  -0.736354   ... -1.191976    0.07957546
  -0.6555594 ]
 [-1.4701726   0.45383868  0.8489758  ... -1.4092294   0.10346852
  -1.3719202 ]][[ 3.600119   -1.1058303  -0.20630123 ...  0.1984083   0.8442386
  -0.77583605]
 [ 1.9084245  -2.9800198  -0.8746108  ... -0.64050084  0.8756295
  -0.22390608]
 [ 1.313067   -2.7772608   4.2471504  ... -0.7760077   0.81505394
  -0.59497356]
 ...
 [-0.79483324 -1.7689931  -0.8204065  ...  1.5798293  -0.6939948
   0.99617136]
 [ 0.92700523 -2.0684938   0.8707473  ... -1.7933258   0.8364457
  -0.6403035 ]
 [-3.0448523   0.2131616  -1.2725849  ... -1.82865    -0.4061868
  -1.2961853 ]][ 0.45461726 -1.1622496  -1.877663    1.6924055   1.3223728  -2.988064
 -2.160842    1.0524007  -2.2044702  -0.23024057 -0.5070675   1.4538423
  1.0995946   1.0996405   0.341071   -2.6310105  -0.6366125  -3.0708928
  0.39309987  0.6054677  -0.753748    0.24341777 -1.4278069  -0.08713326
 -1.492181   -0.6441989  -0.7749927   1.3111763   1.6048838   0.7837061
 -2.3604293   0.17552395 -2.2302072   1.88581    -3.683182    0.9107363
  0.37216383  3.623851   -2.7673576   1.239506   -2.4794822  -1.8647187
  0.6791352   1.6144706   1.0505738   0.3530712  -2.5943744  -1.0510025
 -1.2628485  -0.9689749   2.275917    1.9311168  -2.36203     0.72671825
 -0.40699655 -0.9006105   1.9772941  -0.58971107 -0.35889798  0.92748827
  0.9614056  -2.6656199  -0.8281609   1.0441262  -1.82913     1.032458
 -1.276293    1.4520491   0.5544828  -1.4335903   3.6847153  -1.2777005
 -2.2767081  -4.4773726   1.0517962  -1.5501484   0.9293022   1.4904505
 -1.4757097  -0.8627537   2.3539116  -1.2341107   2.6327348   0.765496
  2.073339    1.1446265  -0.51744837  0.8804063   0.92411554 -0.29699576
  1.2547512   0.65882224 -1.2939304   1.2957689  -0.23030314 -1.2085083
 -1.1169987   3.0171063  -3.3289962  -0.8654953   2.3472388  -0.60033834
  0.94759303 -1.102342   -1.3104213  -0.71398836 -1.4535269  -1.0597014
 -2.0813506   0.20228706 -3.392694   -3.0551026  -1.4614251  -2.5358174
 -1.9543376   0.16217683 -1.4094893  -2.1647487  -0.78305143 -0.8312787
 -2.06402     1.3474259  -1.3087498  -1.0932777  -1.468076    1.5792828
 -2.1046712  -2.2641919 ][ 0.19091457 -1.0625095  -1.7425538   2.0141754   1.3143699  -3.023683
 -2.1799514   1.1908123  -2.0044317  -0.12554851 -0.6857055   1.2356935
  1.2017858   0.93501353  0.52038366 -2.6501224  -0.48236334 -3.1583438
  0.414705    0.63603616 -0.44988632  0.48920995 -1.358725    0.1588548
 -1.5917958  -0.538969   -0.6055374   1.3054101   1.5055171   0.88462526
 -2.1794543   0.49418184 -2.4634311   1.8950201  -3.8630762   0.86834604
  0.6456005   3.8660862  -2.803199    1.24147    -2.22309    -1.9678549
  0.74501073  1.4942031   1.178049    0.31821018 -2.7527723  -1.048809
 -1.391334   -1.1461363   2.242673    1.7644658  -2.2814696   0.8645436
 -0.47758815 -0.78955853  1.7675693  -0.6541646  -0.35829508  0.91188234
  0.87411004 -2.6171172  -0.9708778   0.7567119  -1.6177658   0.9870027
 -1.3705932   1.4904898   0.6945073  -1.5978858   3.9051247  -1.12511
 -2.2782302  -4.567801    1.1197606  -1.4646074   0.86301905  1.6130799
 -1.311634   -0.96292835  2.4476054  -1.4441726   2.3955634   0.74337953
  2.2586412   1.1626983  -0.6060644   1.1461664   0.81433445 -0.41215006
  1.1841366   0.6191546  -1.330198    1.2660551  -0.30890703 -1.1526306
 -0.9512033   3.1699853  -3.3490148  -0.75709826  2.3838816  -0.5518152
  1.0718578  -1.1788929  -1.5077262  -0.7851675  -1.5494776  -0.99592274
 -2.1257672   0.24906467 -3.3981707  -3.272369   -1.2204735  -2.4564128
 -1.7950281  -0.10951804 -1.4805549  -2.170932   -0.8775725  -0.6746321
 -2.2714686   1.5915372  -1.2182126  -1.0268724  -1.434789    1.5917827
 -2.1892002  -2.3391845 ][[ 0.33964846 -0.21946554 -0.25403497 ...  0.9873544  -0.16543025
   0.12441079]
 [-2.549757    1.9765652   4.7458644  ... -2.158748    0.14156534
  -0.47195628]
 [ 0.82749975  0.054082    0.06152305 ...  0.4693603  -0.09845729
  -0.20841901]
 ...
 [-2.3854516  -1.6612959   2.2339244  ... -0.0647865   0.02134308
  -1.5606889 ]
 [-2.3050866   0.5990909   0.25903776 ... -0.40587422  0.01793213
  -3.571884  ]
 [ 6.8304496   4.7975764   1.0398415  ...  0.5894872  -0.01504219
  -6.9501963 ]][[-0.46958685  0.5019792   0.32481512 ... -0.37010592  0.04816484
  -0.3431197 ]
 [ 0.638158   -1.1746421  -0.57068163 ... -1.8315917  -0.32506156
   1.3428137 ]
 [ 0.2740765   0.25103295  0.5210653  ...  0.86790425 -0.20661964
   0.071794  ]
 ...
 [ 1.4542514   0.76924527  0.06656289 ... -1.1828953  -0.59629464
   3.374527  ]
 [ 2.0548244   1.9811122   1.2541268  ...  1.4890914  -1.5659689
  -5.2890162 ]
 [ 5.419568    3.1287863  -0.76556754 ...  0.40073034  1.2287012
   4.6413383 ]][ 1.2043943  -0.5747035   1.1294715   0.610203   -2.1799529   0.71795946
  1.6223495  -2.5818267  -2.5533977  -2.2372112  -1.4475139  -1.2749543
  1.1918914  -1.6996089  -0.20557493  2.229706   -1.7708149  -2.1600175
 -1.5166717  -1.9546181  -1.2100533   0.9710527   0.85773873  0.7597377
 -1.7261297  -2.5544255  -1.5779251  -0.2852434  -3.6791081  -0.6738334
 -2.0383945   1.3880446   1.2752713   0.05378333  1.2437067   0.9027704
 -1.093037    0.79560816  0.9360382   2.5286987  -1.0413543  -0.32514742
 -1.6657242  -0.92959434 -1.4877974  -1.1666919  -0.7846077  -0.4803258
 -1.1740196  -1.1430435   0.59614146  0.30698666 -0.28322738  2.1356657
  1.3439857   1.0638187  -2.421242    0.06394324 -1.6372287  -0.25105706
  0.13808657 -0.8445101  -2.0649462   1.357389   -0.784826    0.16904514
  0.74791837 -3.349062   -0.88808215  1.650632   -1.7275777  -0.23852733
  0.09119061 -0.6940026  -1.5252671   0.8626273  -1.3939211   2.3574624
 -1.0729939   0.08583346  0.7037676   0.063688   -0.8947066  -0.12770231
 -1.3151454  -1.0015861  -0.9104424  -1.0485777   0.8033564  -0.31543106
 -1.2268776  -2.4270234   1.2819319   1.6025505   1.8759819  -2.706102
 -0.9802586  -0.79788136 -0.5230879  -0.52291244 -1.7227237  -2.9680543
 -0.6568578  -0.11884724 -3.618889   -0.63724566  0.56673855 -1.9838649
 -0.5654405  -2.4926941  -1.5112878  -0.5508329  -1.7732229  -2.1801615
 -1.5580196  -2.5388708  -1.0045453   1.0064055  -1.992745   -1.4377135
 -1.3731304  -1.0160143  -1.9395924  -1.3691285  -1.0508782  -1.2392671
 -1.5004053  -0.90669125][ 1.0531048  -0.6036193   1.2990023   0.6928719  -1.9281427   0.48353693
  1.8422115  -2.6623979  -2.7399795  -2.324516   -1.1905347  -1.2821958
  1.2520984  -1.4847833  -0.29430258  2.0995035  -1.9452962  -2.165012
 -1.4554701  -2.0735984  -1.3585317   1.1397088   0.82150847  0.8388324
 -1.7373095  -2.3376045  -1.6644634  -0.05641352 -3.6512926  -0.5576948
 -2.0819993   1.4981887   1.2421649  -0.01677625  1.1913484   0.9932646
 -1.2445606   1.0046351   0.80023175  2.519042   -1.334185   -0.33127463
 -1.8890381  -0.92548203 -1.3622043  -0.98749834 -0.8680304  -0.44724837
 -0.8904227  -1.0846937   0.41137207  0.10958312 -0.17473844  2.102098
  1.1837924   0.83980256 -2.2972248   0.3445962  -1.7326177  -0.27227554
  0.10795834 -0.92847246 -2.1578898   1.4300236  -1.0060948   0.09037312
  0.8460685  -3.5053642  -0.84720576  1.7666682  -1.5682559  -0.28572857
  0.17231771 -0.6457282  -1.5467376   0.60727376 -1.3577869   2.387955
 -1.1376632   0.19459374  0.49066767 -0.23016231 -0.83822733  0.13404506
 -1.308874   -0.8936679  -0.9318403  -0.7879499   0.7429942  -0.01006455
 -1.0024017  -2.5043333   1.1293868   1.6371893   1.6951544  -2.7903404
 -0.795574   -0.83065206 -0.72393864 -0.74159956 -1.6867999  -2.8468175
 -0.745549   -0.20505749 -3.746357   -0.5146648   0.3886875  -1.8100393
 -0.715225   -2.4290721  -1.4021896  -0.33159944 -1.6572702  -2.1994045
 -1.483015   -2.3531153  -0.87172914  1.086547   -1.9386935  -1.1093271
 -1.3015337  -0.8270576  -1.8162489  -1.1700021  -1.1188656  -1.1985277
 -1.368728   -0.940124  ][[-0.05498543 -0.6875172   0.49419314 ... -0.66555935  0.19345598
   0.3840826 ]
 [-0.16794361 -1.2793168   0.3342716  ... -0.15737593  1.0374953
   0.1234502 ]
 [-0.12957151 -1.1401845   0.6690867  ... -0.44642457  0.70256823
   0.51476735]
 ...
 [-1.1183829   2.6052     -0.34458134 ... -1.6758989   3.7791378
   7.924511  ]
 [-0.09814686  1.0193968   0.92183524 ...  0.8069078   0.92581403
  -1.0675566 ]
 [-3.2617893   2.9184577   1.1076199  ... -1.9842863  -0.85201997
   0.8583857 ]][[-8.8537950e-03 -1.8646532e-01 -4.7484630e-01 ... -4.2873517e-01
  -4.8092980e-04 -2.6549125e-01]
 [ 4.1401282e-02 -3.5648313e-01 -9.1876465e-01 ...  5.6957930e-01
   4.8008835e-01  2.0053191e-01]
 [ 1.8980806e-01 -4.0309075e-01 -3.6726496e-01 ...  6.0395104e-01
   1.1448813e-01  1.2143435e-01]
 ...
 [ 3.7177560e-01 -6.9610685e-01 -1.0433743e+00 ... -8.4978992e-01
   7.3981315e-01  5.8104135e-02]
 [ 1.7298730e-01 -4.0654844e-01 -4.7852173e-01 ...  1.2963146e-01
   4.2502072e-01  6.6131407e-01]
 [ 1.3275982e+00 -7.0255077e-01 -1.3224727e+00 ...  2.1253831e+00
  -6.7100298e-01 -2.3685126e+00]][ 0.5954507   0.8385344   0.602478    1.8441085  -1.390055    2.0175438
  1.3357773  -4.756615    1.3560895  -0.71041185  0.43544945 -1.2903723
 -0.41597322 -1.1501154  -2.0195286   0.28613847  1.6408237  -0.05521399
 -0.04122244  2.8279884   3.8583133  -1.5744185  -0.8926817   0.7478477
 -0.11253922  0.37741098  1.5440342  -2.0418258   0.94171435  2.0811887
 -3.0046794   1.5853827  -2.3058736  -1.6128634  -0.81122017  1.3455131
 -1.3107959  -1.0361897  -4.138402    0.71414113 -1.7655259  -0.61569357
 -1.641354    1.1531901  -1.4263972   0.70292366 -0.7181551   0.6290677
 -0.94885415 -0.46093652  0.5423137  -1.0159662  -3.5159717  -0.9093891
  1.3363824   3.516986    2.3055735  -1.5117189   0.6567878   0.66730934
  0.4985419   1.8087202   1.9599787   2.86695     0.9989861   0.6469909
  0.5342463   1.1563278   0.99925315 -0.47730362  0.81629497  3.0971498
  0.5598823   1.0862731   0.73795736  0.6473266   0.87390816  0.65777034
  0.47208658  0.08429036  0.80660045  0.6988097   0.9418491   4.318071
  1.3349437   1.024492    1.8476782  -1.4363846   0.64073527  0.4463537
  2.078406    0.37753537  0.83196825  2.0098894   0.91752917  1.7971945
  1.4746786   0.93284297  0.8383166   1.0625247  -0.66488594  3.2643278
  0.6259701   0.77279574 -1.0188698  -0.302288    1.7611636   3.5628164
 -0.26332304  2.478867    1.0203452  -0.73229384 -0.59839356 -1.3725024
  0.64647967 -0.3254815   0.73278517 -1.0051444   1.2009995  -1.8536351
  1.3850721   2.5552742   1.0438534   0.60049266  0.64994746  2.2605772
 -2.0382822   1.3119099   0.7977963  -0.29331082 -0.52157855  0.7170247
 -0.5617421  -1.6651682  -1.2166673   3.873874   -0.9196388  -0.70557755
  2.6264186  -2.137351    1.1527032   0.7162998   1.0919058  -0.7384428
 -1.5274945  -0.7022748   0.44621098  0.90220195 -1.0079882   0.63779306
 -0.57840186 -1.2695559  -0.40981218 -0.79825044  1.5318487  -0.5277589
  1.9328356   1.0937803  -1.5084319   1.349353    0.68179595 -0.7521928
 -1.8223221   1.2055671   0.12065007 -0.82167345 -2.197902   -0.81035465
  0.25439373  0.07299954  1.5267307   1.5448778   0.667997    1.8442012
  0.49387035  0.7927277  -0.09741155  0.7640562  -0.64571816 -0.59421635
 -2.6519306   0.9983277   2.541108    1.0661119   0.7239537  -3.341257
 -2.2633777  -0.08784686  0.39668256  0.68764687  4.417593    1.3053738
 -1.5459672  -1.3389758  -2.0051851  -2.5438807   0.73984176  2.404354
  1.6515598   2.3034503   1.4207532   2.2219825  -3.645473   -1.456382
  4.003442   -0.07546542  0.4725855  -0.6620009   1.2408507  -1.166713
  1.6332152  -1.1305077   1.100355    0.95655227  2.0666533  -2.8799198
 -1.3081079  -1.3695748  -1.2653141  -0.69277894 -0.09641607  2.23659
  2.1348789   0.12522143 -0.61706907  1.0928137   1.2889358   2.0442564
 -0.96812415 -1.9034673   1.9271674  -1.4521236   0.7059935  -0.4987884
  2.5099964   2.4162242   0.675741   -0.06996953  0.5616765   1.4822332
 -1.2938198   0.7318799   1.0110742  -0.86551154  0.6039199   0.02331033
  1.3878269   3.332002    1.016809    1.1627296   0.84018946 -1.4870862
 -1.5371557   3.7984352   2.5772176   5.3103433 ][ 0.68334717  0.82482946  0.61153615  1.8258096  -1.526446    2.1871405
  1.1453788  -4.7085996   1.4402983  -0.6999345   0.5899848  -1.4481741
 -0.41952088 -1.3594756  -2.0816453   0.40992612  1.5522285  -0.06760347
 -0.01139482  2.9143724   3.7678444  -1.4559106  -0.81756556  0.82314193
  0.02587744  0.21822624  1.5864534  -1.9085766   0.97320616  2.1667278
 -3.174529    1.4364766  -2.337992   -1.5753688  -0.86446357  1.2741202
 -1.2870109  -0.87993544 -4.047077    0.6712763  -1.762174   -0.7158693
 -1.4910585   1.0850834  -1.4448581   0.7251549  -0.7698402   0.71906745
 -0.7912328  -0.45155662  0.7129706  -1.195537   -3.610432   -0.9304537
  1.313762    3.507101    2.235828   -1.6334437   0.65113944  0.67277116
  0.4948108   1.7933995   1.9208456   2.8835773   0.809077    0.8330379
  0.41960374  1.0870941   1.0087601  -0.51677287  0.9290102   3.135826
  0.6276188   1.1505336   0.8192562   0.6896429   1.071246    0.7798807
  0.45554152 -0.02485452  0.5935964   0.89121705  0.9461613   4.1120787
  1.375403    1.1162903   2.0391285  -1.4304664   0.6212208   0.66594076
  1.9064054   0.61055523  0.9380452   2.0522547   0.7336681   1.7601821
  1.3284221   1.0257754   0.7206439   1.1749992  -0.5911217   3.1649354
  0.5765629   0.6351401  -0.8766376  -0.3397101   1.6481923   3.3644848
 -0.23298812  2.3876967   1.0465858  -0.77606326 -0.7201432  -1.2523361
  0.65669745 -0.22650944  0.7958117  -0.95179796  1.2234626  -2.0210097
  1.5447859   2.7801523   1.1734741   0.6102628   0.721682    2.4909248
 -1.8847249   1.2219384   0.73171246 -0.52260816 -0.55009615  0.60494155
 -0.6801288  -1.4951135  -1.1963063   3.9054806  -1.0204748  -0.7653752
  2.633946   -2.0300758   1.1327603   0.5492604   1.04631    -0.5156067
 -1.3759587  -0.5912837   0.36104935  0.91715366 -1.0533977   0.79752547
 -0.6923644  -1.3021485  -0.43461135 -0.9925594   1.6774493  -0.4819129
  1.8145175   1.1747124  -1.4858863   1.4166386   0.70489    -0.6519943
 -1.7422485   1.1435094   0.17597803 -0.81558114 -2.1648557  -0.90961653
  0.2426752   0.04857748  1.4472347   1.5099847   0.69556403  1.8220836
  0.5530038   0.8951415   0.0312789   0.9390091  -0.5686641  -0.4239249
 -2.8059402   0.9909561   2.4038136   1.0386916   0.7383628  -3.3186364
 -2.3317306  -0.01847634  0.47799164  0.6384368   4.393415    1.229421
 -1.577253   -1.4158585  -1.8903501  -2.6649375   0.70292246  2.4930203
  1.8051901   2.4338543   1.2836447   2.235227   -3.6830325  -1.4306442
  3.8028586  -0.11344451  0.59748715 -0.59684217  1.4300356  -1.1113514
  1.5900123  -1.0139974   1.0886022   0.96200776  2.077401   -2.8615139
 -1.3927727  -1.3313006  -1.3004696  -0.6282351  -0.16242115  2.237497
  2.2247305   0.16468643 -0.5034998   0.98522455  1.3026966   2.149211
 -1.1462218  -1.831565    1.8460501  -1.4963403   0.66973126 -0.40221974
  2.4068103   2.3285277   0.6994438  -0.0920372   0.5381942   1.5360173
 -1.2877798   0.59891146  1.1157825  -0.933262    0.7337837   0.03913975
  1.3994756   3.324776    0.98904806  1.2854757   0.7916148  -1.3657223
 -1.488285    3.994149    2.6166396   5.202738  ][[ 0.75190526  0.03271907 -0.6900585  ...  0.40139776  1.0716769
   0.2541379 ]
 [-0.3712768   1.659982   -0.5852172  ...  0.22195148  1.2606629
   0.14453675]
 [ 0.69848984  2.5554166  -0.55718106 ...  0.2959911   1.9220536
   0.06818658]
 ...
 [-0.3751968   0.717399    0.8025414  ... -0.38762298 -1.0862988
  -0.3269536 ]
 [-0.14275378  2.214215   -0.5404552  ...  0.12237045  1.3101546
   0.08531968]
 [ 0.26639697  1.8407341  -0.5937121  ...  0.18058635  1.7147499
   0.05969148]][ 4.2802234  -0.72859013  0.4320035  -2.5601707  -3.6711073   2.3785758
 -1.4515388  -3.949046   -1.1230735   0.6731426 ][[-1.3497733  -0.9697582   2.0335665  -1.3793331   0.30582592 -1.3831086
   0.6119606   1.9267869  -0.78820807 -0.5006973 ]][-3.3985364][[-7.98336416e-02  1.84652895e-01  1.23911742e-02 -2.15513635e+00
   2.13628069e-01  5.98115742e-01  2.09289503e+00  3.94769758e-01
   1.84529349e-01  9.50690329e-01  8.85896921e-01  1.34769723e-01
   3.19654703e-01 -1.76997483e-01 -2.37936303e-01  1.54567789e-03
   5.11768043e-01 -1.59298687e-03  2.14860010e+00 -1.82997501e+00
  -9.06012714e-01  4.79827486e-02  1.95582700e+00  1.75350025e-01
   1.49821505e-01  5.74865974e-02 -6.68757296e+00 -1.99468458e+00
   3.03613424e-01 -3.92256618e-01  4.93179858e-01 -2.91451234e-02
  -2.76980209e+00  6.22671843e-01 -8.93427789e-01 -2.73914766e+00
   1.86527974e-03  6.19119406e-01 -1.71038564e-02 -3.08926135e-01
  -7.20992237e-02 -1.12098537e-01  1.97107136e+00 -2.97115326e+00
   7.63851777e-02 -2.44711208e+00 -4.29038286e-01 -5.39071131e+00
   8.69087949e-02 -5.02855062e-01  1.15234900e+00  1.23779148e-01
  -2.00458899e-01 -6.44752502e-01 -2.29043317e+00  1.35031962e+00
  -4.30304337e+00 -1.06131554e+00 -3.29787493e-01 -2.28567004e-01
   1.33901671e-01 -4.90933686e-01  1.77491546e-01  7.35543892e-02]
 [-3.39623523e+00  2.84765553e+00  3.72523022e+00 -1.45347404e+00
   3.24074912e+00  1.44638884e+00  4.09429979e+00  2.18198705e+00
   3.11399412e+00  6.99044514e+00 -7.66513467e-01 -1.33918273e+00
   1.70687544e+00 -3.19187021e+00 -3.31098509e+00 -1.90016127e+00
   4.07859564e+00  2.85369349e+00  8.09454918e+00 -1.09644163e+00
   3.88329417e-01 -2.09893918e+00  6.77049828e+00 -1.98913169e+00
   3.10037541e+00  2.60148025e+00 -1.64038029e+01 -4.56009912e+00
  -3.10080457e+00 -1.05649054e+00  1.70463574e+00  1.07102916e-01
  -4.08719444e+00  3.13149619e+00 -3.48462462e+00 -3.49340224e+00
  -2.13060617e+00  2.72516370e+00  4.52588886e-01 -3.06206322e+00
  -2.66594386e+00 -1.81829023e+00  1.68215859e+00 -5.74694681e+00
  -2.78498554e+00  3.34272814e+00 -7.13282633e+00 -6.90264642e-01
   2.37729692e+00 -4.81096506e+00 -1.95017421e+00  1.91278005e+00
   2.83166623e+00  2.58914018e+00 -4.00742865e+00 -2.78363347e+00
  -7.94903815e-01  2.84761453e+00  2.77702641e+00 -3.01088262e+00
   2.34046745e+00  1.33028212e+01 -1.13295507e+00 -1.71006703e+00]
 [ 3.78730130e+00 -3.65887070e+00 -3.48606610e+00  6.36449814e+00
  -2.39917207e+00 -8.22920799e-01 -3.38384247e+00 -2.47995496e+00
  -1.79531956e+00 -5.50295353e+00 -1.23278913e+01  1.02724504e+00
  -2.93966389e+00  3.76257133e+00  4.92934275e+00  1.51001930e+00
  -2.06138635e+00 -3.18015838e+00 -2.21909952e+00  5.17961454e+00
  -1.18071043e+00  1.71009541e+00 -6.04786110e+00  2.59227800e+00
  -3.30363941e+00 -3.87180281e+00  1.12171736e+01  7.53020823e-01
   1.22757778e+01 -1.12187684e+00 -2.31688285e+00 -9.03382242e-01
   2.42292953e+00 -3.60963535e+00 -3.67568076e-01  3.34731007e+00
   1.88556230e+00 -1.96870918e+01 -7.63397932e-01  5.22959089e+00
   2.56035519e+00  1.91276741e+00  3.40671778e-01  1.44941921e+01
   2.61678100e+00 -8.20721722e+00  1.42792721e+01  2.26745105e+00
  -2.10160375e+00  3.81281209e+00  4.82736540e+00 -1.65016198e+00
  -3.22073150e+00 -3.68504381e+00  2.52608156e+00  2.65763998e+00
   7.43748474e+00  1.99887581e+01 -2.08683133e+00  2.97446561e+00
  -4.01798773e+00  6.51115656e+00 -4.07947779e+00  1.89204633e+00]
 [-2.92315149e+00  2.86522460e+00  2.68351579e+00 -8.00200081e+00
   3.82463551e+00  1.23809421e+00  4.70285559e+00  1.06055307e+00
   5.47275925e+00  1.06295223e+01  4.09521484e+00 -3.26807451e+00
   9.95119393e-01 -3.31508255e+00 -2.93689227e+00 -1.36406958e+00
   5.76594639e+00  2.48962712e+00  8.63542175e+00 -6.95216942e+00
  -1.13033915e+00 -3.70573759e+00  2.44726324e+00 -2.75043941e+00
   3.05558300e+00  7.19882429e-01 -1.44603844e+01 -5.13587952e+00
  -3.03307247e+00 -4.57648182e+00  2.60119796e+00  1.95802450e+00
  -5.77096081e+00  2.23141384e+00 -4.25618505e+00 -4.61996460e+00
  -1.88783383e+00  2.88926291e+00 -4.25359458e-01 -3.27828670e+00
  -2.37545133e+00 -1.78921843e+00  4.99217367e+00 -1.55111942e+01
  -2.46496129e+00  3.54760361e+00 -7.89908457e+00 -6.44222450e+00
   2.16027546e+00 -4.60414171e+00 -2.67614532e+00  1.99983740e+00
   2.67954278e+00  2.68130589e+00 -5.94088793e+00 -2.26868486e+00
  -1.60977411e+00  3.66598725e+00  2.27128959e+00 -2.77328515e+00
   2.66861200e+00 -1.02009230e+01 -2.97047257e+00 -3.35486531e+00]
 [-1.10266209e+00  5.22481263e-01  5.12853384e-01 -2.98667431e+00
  -6.83854427e-03  6.03882015e-01 -8.49960029e-01  5.44811785e-01
   2.15582386e-01  8.95118904e+00 -2.50923872e+00 -1.21669984e+00
  -8.22254419e-01 -4.89886999e-01 -1.04157805e+00 -1.62029877e-01
   3.63783985e-01  1.11105490e+00  3.72902656e+00 -8.56023026e+00
   1.73197538e-02 -1.08982515e+00 -5.04592371e+00 -8.46628785e-01
   3.29980195e-01  1.62999320e+00  6.57920456e+00 -1.55375695e+00
  -2.95787978e+00 -1.32980168e+00  2.37814948e-01  5.82467258e-01
   6.87461913e-01  6.98555946e-01  2.24001050e+00  1.84398603e+00
  -6.61031306e-01 -2.49629185e-01  6.31639957e-01 -8.47175598e-01
  -1.10629833e+00 -1.25530493e+00  3.10501881e+01  1.40646946e+00
  -1.31009305e+00  1.21446648e+01 -1.83865490e+01 -9.54615879e+00
   5.13046086e-01 -8.43146622e-01 -2.11591697e+00  6.66618288e-01
   1.07969093e+00  4.70585167e-01  4.05320704e-01 -1.32569647e+00
   4.48513317e+00 -1.06569242e+00  8.24338555e-01  1.65187698e-02
  -7.52353147e-02  6.88881993e-01 -4.91301060e+00 -2.04812098e+00]
 [-2.16732526e+00  8.62233341e-01  1.58913064e+00  1.12153232e+00
   7.67917216e-01 -4.67151284e-01  1.68150342e+00  5.78944802e-01
  -9.84919295e-02  2.45387173e+00  3.17973757e+00 -6.29148817e+00
   1.28453720e+00 -1.42001617e+00 -1.68487501e+00  5.15631914e-01
   5.24940193e-01  1.79144943e+00  8.66045570e+00  8.88920403e+00
  -1.27005652e-02  3.86550069e-01  4.58109951e+00 -1.86785877e+00
   1.08285260e+00  1.89468014e+00 -1.07963648e+01 -8.21407199e-01
  -1.63145006e+00  6.34866476e-01  8.89685094e-01 -7.83608198e-01
  -2.04825473e+00 -8.84469032e-01 -1.75455415e+00 -3.55209899e+00
  -4.36670780e-01  1.24012756e+00  6.15698934e-01 -9.02004659e-01
  -1.05357003e+00 -5.48085153e-01  8.83292854e-01 -5.65874720e+00
  -1.42613173e+00  9.48597789e-01  9.84971619e+00 -1.03648573e-01
   7.12025583e-01 -1.30015409e+00 -4.03386280e-02  6.47336304e-01
   1.93260145e+00  1.57302296e+00  1.08574939e+00 -1.38757706e+00
   3.59065223e+00  1.10494828e+00  1.29250574e+00 -6.45156205e-01
  -4.54294950e-01 -7.73878527e+00  4.62141067e-01 -2.11605415e-01]
 [-6.79029226e-01  3.65141869e-01  3.78227144e-01 -6.31620741e+00
  -8.00321717e-03  4.80971158e-01 -8.18819106e-02  5.82051985e-02
   9.51624274e-01 -1.98067343e+00 -2.17528558e+00 -8.59835446e-01
  -8.91573876e-02 -2.06783444e-01 -1.39155531e+00  3.19535583e-02
   8.34980667e-01  8.68425488e-01 -3.31261367e-01 -1.16324520e+01
   1.15179658e+00 -1.76997095e-01  5.87290573e+00  2.59806544e-01
  -1.03254184e-01  1.34852922e+00  4.91268349e+00 -3.19925642e+00
  -1.61987233e+00 -7.70400882e-01  5.09751976e-01 -4.89624357e+00
  -2.76503778e+00  1.54467728e-02  3.52580607e-01  1.31950545e+00
  -9.30183291e-01  1.55718482e+00  6.32487535e-01 -4.72393148e-02
  -9.42664146e-01 -1.18720996e+00  6.68742895e+00 -1.58114529e+00
  -1.52147543e+00  1.24330215e+01 -2.26821041e+00 -6.40533030e-01
   1.29328355e-01  2.11451173e+00  4.59968537e-01  6.04476213e-01
   1.18347788e+00  1.40528768e-01  3.60959649e-01 -1.19457698e+00
  -1.46652250e+01 -1.17825225e-01  1.37872934e+00  7.06318468e-02
  -1.79257393e-01  1.04376049e+01 -4.17705727e+00 -5.47714186e+00]
 [ 3.51033747e-01  7.64814556e-01  2.26093635e-01 -2.77304125e+00
   7.76806653e-01  7.59980142e-01 -2.22723722e+00 -1.85929507e-01
   7.15025246e-01  2.26485777e+00 -2.92532206e+00  7.88221180e-01
  -4.81859283e+01 -9.78396088e-02 -4.42242831e-01 -7.93276310e-01
  -1.68133104e+00 -7.64897168e-01 -2.77635193e+00 -1.04086227e+01
   5.69892108e-01  2.11686149e-01  3.50657254e-01 -9.89328980e-01
  -3.65867615e-01  8.47730190e-02  9.96079683e-01 -9.06567574e-01
  -4.48442459e+00 -1.87234354e+00  3.99018860e+00 -2.03372091e-01
  -2.25195336e+00  2.00513554e+00 -4.35763788e+00  2.27676487e+00
  -1.17289200e-01  5.48874569e+00  6.82586479e+00 -1.58875716e+00
   3.85653645e-01 -5.09553850e-01 -5.37163830e+00  1.62339556e+00
  -1.15037866e-01  6.84995317e+00  2.59997010e+00 -9.28057861e+00
   7.18400851e-02  4.24302959e+00  3.38128376e+00  3.87624532e-01
   1.90994227e+00 -7.97509193e-01  7.47751951e-01 -3.22819877e+00
   4.26562881e+00  1.48898888e+00  2.63134313e+00 -9.22719166e-02
   1.37938905e+00 -1.48717384e+01  7.44529366e-01 -3.71405363e+00]
 [ 1.21239793e+00 -7.87677884e-01 -3.97917628e-01 -5.72943354e+00
  -2.53230125e-01  1.24725252e-01 -1.85597435e-01 -6.20871246e-01
   6.22713029e-01  5.06845057e-01 -4.53552532e+00  1.56208485e-01
  -3.92432243e-01 -5.54004848e-01 -7.98045337e-01  6.13591492e-01
   9.05200765e-02 -1.37197208e+00  1.53647208e+00 -8.19393158e+00
   4.04263765e-01  1.83661878e+00  1.59853411e+00 -1.63363218e-01
  -9.79949236e-01 -3.59466434e-01  4.29240322e+00  2.90357113e+00
  -2.41165757e+00 -7.79983580e-01 -1.07473898e+00  1.67539203e+00
  -1.88634026e+00 -4.86151367e-01 -3.61730963e-01  8.27937841e-01
   4.85036731e-01  1.08715665e+00  5.52345514e-01 -1.13434887e+00
   1.11837685e+00  1.18033171e-01  1.12637484e+00 -2.05439687e-01
   7.60917366e-01  5.12424994e+00 -1.20852268e+00 -1.72315776e+00
  -3.70566398e-01  2.74360347e+00  2.20095694e-01 -9.39484060e-01
   1.07717431e+00 -9.99634206e-01  8.73324931e-01  1.40479255e+00
  -1.09248180e+01  2.20308840e-01 -1.59284341e+00  5.32744765e-01
   8.02171707e-01 -7.76802254e+00 -5.19292784e+00 -1.87424374e+00]
 [ 1.52254224e-01 -5.81766060e-03  2.85647482e-01 -6.61767673e+00
  -1.59576726e+00 -6.31721139e-01 -5.93820751e-01  4.22412443e+00
  -1.03400958e+00 -1.63430548e+00 -7.57846057e-01 -4.56156820e-01
  -6.57555878e-01  5.33017755e-01 -1.93596315e+00 -2.21784219e-01
  -1.76607966e+00  7.56959140e-01 -4.50072241e+00  3.38963342e+00
   1.23414862e+00  5.55369556e-01  1.38621879e+00  3.41106701e+00
   6.22597039e-01  1.87590539e+00  1.38064537e+01  8.79347992e+00
  -1.25442338e+00  2.92566967e+00  2.49081224e-01 -2.03704786e+00
   1.12796724e+00  3.95945340e-01  6.15172052e+00  4.12453204e-01
   7.58525372e-01  1.47119391e+00  1.25808454e+00 -2.20240012e-01
  -2.49955997e-01  1.09117143e-02 -5.30105293e-01  1.85685940e+01
  -4.46020737e-02 -1.20571423e+01 -3.35453415e+00  4.87634993e+00
  -8.52949739e-01  2.96043205e+00  8.06136787e-01 -8.92007649e-01
  -6.03594065e-01  3.97991538e-01  2.75344551e-01 -1.42626190e+00
  -5.96493387e+00 -6.64263535e+00 -3.50177884e-01 -4.68564600e-01
  -2.33362198e-01  1.77413654e+00  6.73527122e-01  9.55277309e-02]
 [ 1.43483937e+00 -2.39886928e+00 -2.72509789e+00  5.37618208e+00
  -1.94569135e+00 -5.36278665e-01 -2.23328710e+00  3.55426240e+00
  -1.29602897e+00 -5.70447636e+00  1.65414244e-01  5.63206375e-01
  -1.20139046e+01  2.88702488e+00  3.08507657e+00  2.31743073e+00
  -7.69947052e-01 -1.68827820e+00  3.15712070e+00  3.89966750e+00
   3.13357115e+00  1.53337777e+00 -2.15314941e+01  1.88404453e+00
  -1.95548093e+00  7.12310910e-01  4.12751436e+00  6.03051138e+00
   6.49131012e+00  9.40205455e-01  3.14735317e+00 -2.27199793e+00
   1.08707893e+00 -1.67061210e+00  2.30783820e+00  1.11575210e+00
   1.78769839e+00 -3.14830124e-01  1.10471427e+00  4.47203636e+00
   1.35273957e+00  1.26461160e+00 -1.25406587e+00  5.80290747e+00
   1.33322811e+00 -4.45547199e+00 -2.43787169e+00  9.86193180e-01
  -2.37504673e+00  4.11299467e+00  2.49133587e+00 -1.34170151e+00
  -4.07811737e+00 -5.88965559e+00  2.15374684e+00  1.25613403e+00
   3.86219144e+00  2.52913933e+01 -1.57914543e+00  2.51988101e+00
  -2.50230479e+00  8.83911705e+00  1.59277010e+01 -1.72115386e+00]][-0.02440666 -5.0838847  -1.6868684  -0.8667689  -0.7027898  -2.2644916
 -0.14859523 -0.46694773 -0.46566075 -1.2048587  -3.166244  ]