[[ 0.9087156  -0.34627154 -0.30863386 ... -0.41733688 -0.08526508
  -0.30970937]
 [-0.03427472 -0.24295928  0.11571299 ... -0.17132494  0.08635072
  -0.63504606]
 [-2.0365667   0.7063296  -0.38503978 ... -0.5839452   0.03663369
  -1.5296022 ]
 ...
 [-1.4290493  -0.04519156 -1.2684023  ...  0.09265892  0.05585425
  -1.6243571 ]
 [-1.365281    2.4494479   0.6275378  ... -0.10198093  0.07957546
  -3.946192  ]
 [-0.09614526  0.24301666  0.24009514 ...  1.1535361   0.10346852
   0.72493345]][[-0.68070126 -0.63679725 -0.2096034  ...  1.0736434   1.5990124
  -2.1683702 ]
 [ 0.7061595   1.6466513   0.254724   ... -0.29747406 -0.16193649
  -0.3237738 ]
 [-0.91917217 -0.2770446  -0.03505868 ...  0.12639818  1.655975
  -1.0278133 ]
 ...
 [-0.18622628  1.2115225   0.10037287 ...  0.7831554   1.3954695
  -0.78929555]
 [ 0.9918502   0.6530806  -0.76117474 ... -0.07776581  0.81075287
   1.0926214 ]
 [ 0.62516123  0.24510348  0.6231197  ... -1.0102106  -0.95959044
  -0.15385735]][-0.6763868  -0.7645837  -0.5275776  -0.35922623  1.3959494   1.3396821
 -0.83494765  0.30960727  1.1420101  -0.63481563  0.02731828 -0.9016414
 -0.88575107 -0.7573794  -0.913118    0.3925388   1.57109     0.37280792
 -0.6288521   0.36697492  0.02151144  0.26514384 -1.5196141  -0.87396795
 -0.05745659 -1.4996481  -0.76618135  0.16550083 -1.8611621   0.4568917
  0.03355615  0.85000134 -1.6510162  -0.35968035  0.28501388  0.02000572
  1.4527752   0.78833884  0.14538924 -0.12146559  1.0054904   0.07076775
 -0.21179795 -0.35476324 -0.23043834 -0.9224196  -0.19779648  0.28575954
  1.6002384   0.9011157  -0.47891685  0.38956103 -0.2870064   0.7023637
 -1.236559    0.00322155  0.3311382  -1.2991885  -0.4864193  -0.34630585
 -1.1017616   0.39384365  0.3777854   1.0386713  -0.6692784  -0.50974053
  0.03069093  0.48385644  0.45357043  0.52216005  0.06890284  0.70550615
 -0.5715081  -0.56524706 -0.6894742   0.5235747  -0.21223122 -0.18597598
 -0.3190733  -0.7884536  -0.5063048   0.86363584 -0.37474626  0.58556193
  0.83692354 -1.5112748  -0.7363124  -0.5790125   0.66823304 -0.6254757
 -0.48325488  1.3568329  -0.25218266 -0.32947132 -1.1278281   0.5322319
 -0.8674897  -0.41770554 -0.20013663 -0.3380608   1.168219    1.2012861
 -0.8388515   0.46797046  1.5498425  -0.30153346 -0.7839943  -1.2803254
 -0.53649575 -0.4781032  -0.64773244  0.59786     1.4171703   0.2832555
 -0.57496125  0.4399323   0.11098192 -0.7998373  -1.4252473  -0.70466
 -0.03206778 -1.7104223  -0.7505559   0.10903789 -2.0170546   0.762236
  0.09339525  1.2987555 ][-0.94030875 -0.66466117 -0.39250365 -0.03748094  1.3881009   1.303922
 -0.85413104  0.44802195  1.3420318  -0.53015876 -0.15133607 -1.1197953
 -0.7835656  -0.9220036  -0.73380977  0.373408    1.7253578   0.28528836
 -0.607252    0.39752355  0.32535604  0.5109054  -1.450528   -0.6279417
 -0.15712951 -1.3943931  -0.5964316   0.15972306 -1.9605328   0.55752045
  0.21438989  1.1686734  -1.8842418  -0.3504895   0.10512587 -0.02238986
  1.7262994   1.0305799   0.1095285  -0.11950054  1.2618847  -0.03236382
 -0.14591189 -0.47503886 -0.10296943 -0.9572776  -0.3562      0.28795192
  1.4717542   0.7239481  -0.5122283   0.22289705 -0.20644905  0.84018534
 -1.3071632   0.11429092  0.12140611 -1.363726   -0.48569295 -0.36192238
 -1.1890583   0.44232297  0.2350644   0.75125164 -0.45773488 -0.5551581
 -0.06359801  0.5222857   0.5936658   0.3579062   0.28936026  0.85809743
 -0.5730328  -0.6556915  -0.6215128   0.6091178  -0.27852952 -0.06334788
 -0.15498552 -0.8887177  -0.41264182  0.6536079  -0.6119884   0.56343937
  1.0222344  -1.493216   -0.8249265  -0.3132587   0.5584511  -0.7406638
 -0.55385625  1.3171369  -0.28844753 -0.35919142 -1.2064235   0.58811134
 -0.7018915  -0.26481336 -0.22022447 -0.22970903  1.2049005   1.2496684
 -0.71467525  0.39140028  1.352523   -0.3726889  -0.88002664 -1.2164478
 -0.58091646 -0.43131348 -0.6531674   0.3805517   1.6581306   0.36257747
 -0.4156968   0.16832215  0.03988965 -0.80599886 -1.5197729  -0.547969
 -0.2395545  -1.4663887  -0.6599219   0.1752067  -1.9837135   0.77471304
  0.00878648  1.2237574 ][[ 0.6686573   0.01785853 -1.8032006  ...  0.2935752  -0.16543025
  -0.10915754]
 [-1.22617    -2.3209043  -1.0221105  ... -2.4909596   0.14156534
  -1.794061  ]
 [ 0.80810976 -0.73245865  1.7803934  ...  0.8437569  -0.09845729
  -0.5839929 ]
 ...
 [ 0.1572611   0.3565463  -2.5096178  ...  0.8995072   0.02134308
  -1.415707  ]
 [-1.7206393   0.4496141   1.7696728  ... -3.3626802   0.01793213
  -1.6688597 ]
 [ 0.374161    0.9669201   1.6751003  ...  0.3476198  -0.01504219
  -2.278746  ]][[-0.3307212   0.7413153  -0.4899386  ... -0.33955017  0.11857166
  -0.33640906]
 [ 0.00550893  0.5613557  -1.9382883  ... -0.45725858 -0.45742738
   0.5466337 ]
 [-0.65649676 -0.12137951  0.46863264 ...  0.11613423  0.7983812
  -0.8979869 ]
 ...
 [ 0.37097603  0.68952703 -0.20090446 ... -0.22461429 -0.6563251
   0.4332999 ]
 [-1.5157553   0.16472425  0.68965983 ...  0.5825784  -0.29172146
  -1.0323666 ]
 [-0.3836162   0.8071682   0.61002237 ...  0.26852685  1.1399704
   0.19433828]][ 1.0169077  -1.3343886   0.5007342   0.11881745 -0.4006116  -1.2364926
  0.92400765 -0.10845552 -1.335307   -0.16751894 -0.8592107  -0.19333154
  0.9704684  -0.00292214  0.7323727  -0.86015433 -1.9361414  -0.8622363
 -0.11885548  0.3804134  -0.59864634 -0.34587553 -1.1358305  -0.5199467
 -1.2160112  -0.25724325  1.1270795   0.26602393 -0.2658202   1.2862115
 -0.7672899  -0.74074054  0.7508278  -0.39603233  0.15303648 -0.00661558
 -0.85628086 -0.6840936   0.90296257 -0.0618851   0.07344662 -0.42522013
 -0.67293257  0.5287128   0.6738037  -0.9284306   0.37697896  0.12547551
  1.0478696  -1.5534115   0.05343802 -0.78040797 -0.72459936 -0.39574158
 -0.5239918  -0.02290274 -0.76995677 -0.90139306  0.9609899   0.2800053
 -0.67663157  0.86907256 -0.5283428  -0.37340152 -0.609029    0.3520963
  0.52117395  0.67946684  0.5029391  -0.3438249  -0.6603335   0.28314546
 -0.31000376 -0.08403191 -0.17831214 -0.6399611   0.6085981  -0.90116656
  0.7900579  -0.6033298   0.11153772 -1.5918763  -0.69233704 -0.9718341
 -0.25773388 -0.61303604 -0.18613505  0.6453051  -0.44482234  0.34539926
 -0.87729037 -0.40103537  0.61200064  0.69391507  0.38184807 -0.7247011
 -0.72418785 -1.4806949  -1.2830518  -0.6958594  -0.57072014 -0.21330062
 -0.81221527 -2.0133214  -0.12813997  0.8324826  -1.0124938  -0.8506921
 -1.2330767   0.15732913 -0.63499445 -0.5927094   0.10020194 -1.2283999
 -0.89294225 -0.700994   -0.6520083  -1.1631688  -0.99309546 -0.6404421
 -0.49979147 -1.6286379  -0.18152575 -1.2829453   0.07827576 -0.6632868
 -1.0342613  -0.31919193][ 0.86560196 -1.3633178   0.67026705  0.20140533 -0.14879364 -1.4709303
  1.1438231  -0.18897866 -1.5218867  -0.25476894 -0.6024278  -0.20055991
  1.0306892   0.21190953  0.64362305 -0.99038786 -2.1106093  -0.86722916
 -0.05757042  0.26140577 -0.74712175 -0.1774164  -1.1720601  -0.44085017
 -1.2272648  -0.04034477  1.0404912   0.49483877 -0.23801638  1.4023432
 -0.8109858  -0.63059974  0.717705   -0.4665964   0.10067991  0.08386196
 -1.0078087  -0.4750697   0.7671197  -0.07153612 -0.21937397 -0.43129873
 -0.8962621   0.5328272   0.7994652  -0.74922985  0.29353365  0.1584868
  1.3314724  -1.4950576  -0.13128193 -0.97784203 -0.6161158  -0.42936468
 -0.6841873  -0.2469166  -0.6459493  -0.6206506   0.8655965   0.25880438
 -0.70673954  0.78510714 -0.6212887  -0.30068332 -0.8302885   0.27342
  0.61932373  0.5231762   0.5438149  -0.22780555 -0.50100243  0.23577629
 -0.22887734 -0.03588838 -0.19968493 -0.89531237  0.644698   -0.8706344
  0.7253864  -0.49460366 -0.10156511 -1.8857243  -0.635849   -0.7100677
 -0.25145626 -0.5050306  -0.20753269  0.9059326  -0.50519824  0.65077484
 -0.65280974 -0.47835138  0.4595011   0.72853905  0.20103112 -0.80894434
 -0.53981847 -1.5134691  -1.4839923  -0.9145474  -0.5347998  -0.09210311
 -0.9009438  -2.0993948  -0.25552687  0.95517147 -1.1906474  -0.6768763
 -1.3828317   0.22100909 -0.5258799  -0.37346995  0.21616961 -1.2476461
 -0.8177858  -0.5152608  -0.5191795  -1.083229   -0.9392466  -0.31213963
 -0.42829138 -1.4395248  -0.0582184  -1.0837924   0.01030793 -0.62260664
 -0.90265185 -0.35255063][[-0.18293862  0.42577887  0.62429196 ... -0.83998543 -0.04232121
   1.7179834 ]
 [-0.88639367  2.328748    0.14864348 ...  0.74720114 -0.38696682
  -0.8809344 ]
 [ 1.6336095   0.13711461 -0.39244416 ...  1.2160598   2.5080147
  -2.7492554 ]
 ...
 [-0.7142473   2.0160851   0.8979061  ...  0.22424494 -0.9977137
   0.1263701 ]
 [-0.9351032   0.8762257   0.09061933 ... -1.3083158   2.1126733
  -0.2939159 ]
 [-1.8307259   2.0928895   1.7704724  ... -0.7232914   0.46117342
   0.05304727]][[-1.0899631   0.37751734  0.2241181  ... -0.32117158  0.2709043
  -0.24309784]
 [ 0.07755987  1.0236301  -1.1842958  ...  0.4405631  -0.43757093
  -0.7776637 ]
 [ 0.5603008  -1.3167766  -0.3968303  ...  0.8909237  -0.21009308
   0.56158876]
 ...
 [ 0.22249435 -0.7801568   0.24795093 ... -0.56176126  0.6694452
  -0.21445712]
 [ 0.655965    3.3117478   0.20404081 ...  0.65475124 -3.0044756
  -0.5901925 ]
 [-0.24302508 -2.0362186   0.15406582 ... -0.40486515  0.40083286
  -0.64989436]][ 0.7428238  -1.3564702  -1.0870934  -0.882426    0.27314076 -0.12987669
  0.43901902  1.0483387  -0.20622596  1.8263332  -0.02699429 -0.03623163
  0.32786748  1.2062359  -0.14389637 -0.8958886   0.5486938   0.4612664
  0.6060561  -1.032234    0.4745106  -0.52439034  0.88123584  0.08340223
 -0.9512556   0.32875597  0.02369531  0.7964906   0.54625964 -0.4294133
 -0.4395892   1.0007787   0.36669514 -0.77666306  0.17222494 -0.12673862
  0.84482324 -0.01880221 -0.32915777  0.08106964 -0.45627028  0.5972274
 -1.6956416   1.0908618  -0.8038783   1.5424715  -0.38295186 -0.27836064
  0.42549047  1.0609839   0.92489636 -0.14580816  0.0910529   0.9892215
 -0.21134135  1.3525239   0.06314791 -1.247989    0.51846915  0.5746553
 -0.57602316 -0.45477822  0.22159441 -0.01435832  0.6859297  -0.48383617
 -1.0387869  -1.2342526  -0.08213735  1.0824223   0.12488788 -0.17232397
 -1.101874    1.1728171  -0.19570522 -0.6920896  -0.27019244  0.52511126
 -0.50497574  0.02820056 -1.0189493   0.45672685 -0.31997868 -0.36680418
 -1.2896135  -0.3206529   0.8202584   0.357052   -0.55657786  0.28734377
  1.1230052  -0.6514433   0.30476213 -0.69295275 -0.80531245 -0.2871893
  2.1381419  -0.22771437  0.11628673 -0.02205163 -0.12539966  0.7630609
  0.07311364  0.9375956   0.18169503  0.89276034 -0.014848   -0.08856808
 -0.6707442   0.693509    1.0520265   0.16950607 -1.4489568   1.0464852
 -0.1475679  -1.085479   -0.5088635  -0.46882278 -0.05205719  0.62792826
 -0.3792676  -1.3163605  -0.593824    0.4965091   0.06743003  0.35753202
  0.23430046 -0.20765723  0.32331985 -0.2621173   0.11568414 -0.69673604
  0.36719623 -0.5575561  -0.4282602  -1.3676896   0.0778724  -1.6771424
  0.44575167 -0.2562389   0.78017783  1.2630708   1.7457253   0.7664836
 -0.020822   -0.06859025 -0.02499195  0.26159132  1.1540906   0.4417112
 -0.6053095   0.11162753 -1.003258    0.02364326 -0.44276866  0.48178524
 -0.13266249 -0.8932198  -1.1098785   0.02608166 -1.5283532  -0.11039816
  0.41805232 -0.98138785 -0.47082433  0.4389136   0.5999193   1.9143347
 -1.0164851   0.28871462  0.8030224   1.884557    0.34493434 -0.5423708
 -1.2761232  -1.0787312  -1.5308746  -0.10436925  0.19476922 -1.1020176
  1.4987483   0.760689   -0.34992078 -0.03418534 -0.6318272   0.15301555
  0.35757563  0.7733446   0.1257923  -0.422437    0.02949109 -0.9875267
 -0.00862882  0.24710757  0.1050242  -0.999509    1.0373267   0.7752972
  0.37752572  0.13766696  2.0694532   1.5539356  -0.25214776  0.85846937
  1.4157218   1.0350642  -0.61976904 -0.04843411 -0.36130568 -0.7046276
 -0.5057534  -1.113127    0.557731    0.02708183  1.3117706   0.05030228
 -1.3884553   0.39673877  0.90522534 -1.1522245  -0.92930883  1.1723263
  0.9166701   0.575152    0.96183836  0.4729496  -0.27041623  0.26037928
 -0.17352143 -0.7852113   0.49301505  0.04298648  1.1956922   0.01390909
  0.725477    0.42164558  0.07821383  0.15500253  0.56454057  0.9215746
  1.0156868   1.1315937   0.11639049 -0.7607075  -0.42282796  0.98681265
 -0.34968004  1.5999528  -1.0347025   0.10127208  0.99284685 -0.20828058
 -0.42869788  0.14647232  0.14646034  1.1241221 ][ 8.30720246e-01 -1.37017548e+00 -1.07803512e+00 -9.00725126e-01
  1.36750191e-01  3.97212803e-02  2.48620555e-01  1.09635353e+00
 -1.22017361e-01  1.83681047e+00  1.27540797e-01 -1.94033429e-01
  3.24319929e-01  9.96877313e-01 -2.06012145e-01 -7.72100747e-01
  4.60098535e-01  4.48876858e-01  6.35883749e-01 -9.45848107e-01
  3.84040475e-01 -4.05883491e-01  9.56352472e-01  1.58696353e-01
 -8.12839091e-01  1.69571236e-01  6.61146268e-02  9.29740369e-01
  5.77751517e-01 -3.43874305e-01 -6.09438300e-01  8.51871967e-01
  3.34576428e-01 -7.39168406e-01  1.18981928e-01 -1.98131368e-01
  8.68608117e-01  1.37452006e-01 -2.37833068e-01  3.82046700e-02
 -4.52918351e-01  4.97051597e-01 -1.54534686e+00  1.02275491e+00
 -8.22339416e-01  1.56470263e+00 -4.34636772e-01 -1.88361153e-01
  5.83113134e-01  1.07036364e+00  1.09555173e+00 -3.25377494e-01
 -3.40735354e-03  9.68156636e-01 -2.33961791e-01  1.34263885e+00
 -6.59732893e-03 -1.36971426e+00  5.12820840e-01  5.80117106e-01
 -5.79754293e-01 -4.70098943e-01  1.82461068e-01  2.26868875e-03
  4.96020228e-01 -2.97789365e-01 -1.15342975e+00 -1.30348647e+00
 -7.26306438e-02  1.04295301e+00  2.37602964e-01 -1.33647531e-01
 -1.03413749e+00  1.23707712e+00 -1.14406645e-01 -6.49773359e-01
 -7.28558153e-02  6.47221625e-01 -5.21520734e-01 -8.09445530e-02
 -1.23195326e+00  6.49135351e-01 -3.15666407e-01 -5.72796762e-01
 -1.24915421e+00 -2.28854671e-01  1.01170945e+00  3.62970203e-01
 -5.76092064e-01  5.06939173e-01  9.51003253e-01 -4.18422997e-01
  4.10839021e-01 -6.50587499e-01 -9.89172876e-01 -3.24201673e-01
  1.99188673e+00 -1.34777293e-01 -1.38607528e-03  9.04227570e-02
 -5.16358875e-02  6.63668394e-01  2.37063505e-02  7.99939990e-01
  3.23928952e-01  8.55338335e-01 -1.27819285e-01 -2.86899388e-01
 -6.40408158e-01  6.02337897e-01  1.07826746e+00  1.25736624e-01
 -1.57070649e+00  1.16665089e+00 -1.37350112e-01 -9.86506760e-01
 -4.45838153e-01 -4.15475905e-01 -2.95940731e-02  4.60555583e-01
 -2.19554126e-01 -1.09148264e+00 -4.64203626e-01  5.06280661e-01
  1.39164671e-01  5.87880135e-01  3.87858659e-01 -2.97628909e-01
  2.57236004e-01 -4.91414219e-01  8.71664807e-02 -8.08819473e-01
  2.48809770e-01 -3.87499779e-01 -4.07900155e-01 -1.33608317e+00
 -2.29632668e-02 -1.73693991e+00  4.53279078e-01 -1.48963332e-01
  7.60234654e-01  1.09603059e+00  1.70012975e+00  9.89319324e-01
  1.30715623e-01  4.24006507e-02 -1.10153109e-01  2.76542991e-01
  1.10868061e+00  6.01442635e-01 -7.19272017e-01  7.90348649e-02
 -1.02805722e+00 -1.70668423e-01 -2.97168255e-01  5.27631581e-01
 -2.50980645e-01 -8.12288284e-01 -1.08733296e+00  9.33673605e-02
 -1.50525904e+00 -1.01995720e-02  4.98125941e-01 -1.04344308e+00
 -4.15496171e-01  4.45005924e-01  6.32965744e-01  1.81507266e+00
 -1.02820289e+00  2.64292508e-01  7.23526597e-01  1.84966373e+00
  3.72501314e-01 -5.64488471e-01 -1.21698976e+00 -9.76317823e-01
 -1.40218437e+00  7.05834925e-02  2.71823496e-01 -9.31727946e-01
  1.34473825e+00  7.53316879e-01 -4.87215459e-01 -6.16056621e-02
 -6.17418110e-01  1.75636455e-01  2.89222479e-01  8.42715085e-01
  2.07100540e-01 -4.71647054e-01  5.31294057e-03 -1.06347799e+00
 -3.99147086e-02  1.70224860e-01  2.19859436e-01 -1.12056565e+00
  1.00040746e+00  8.63963425e-01  5.31156063e-01  2.68071175e-01
  1.93234646e+00  1.56718004e+00 -2.89707392e-01  8.84207249e-01
  1.21513927e+00  9.97085214e-01 -4.94866371e-01  1.67243853e-02
 -1.72121182e-01 -6.49266064e-01 -5.48955977e-01 -9.96615529e-01
  5.45979083e-01  3.25372666e-02  1.32251787e+00  6.87083527e-02
 -1.47312105e+00  4.35012817e-01  8.70069444e-01 -1.08768070e+00
 -9.95313644e-01  1.17323351e+00  1.00652206e+00  6.14616871e-01
  1.07540572e+00  3.65362734e-01 -2.56655455e-01  3.65334153e-01
 -3.51618499e-01 -7.13308811e-01  4.11897689e-01 -1.23028865e-03
  1.15942967e+00  1.10477723e-01  6.22290790e-01  3.33949119e-01
  1.01916604e-01  1.32934734e-01  5.41058481e-01  9.75358725e-01
  1.02172661e+00  9.98625636e-01  2.21099019e-01 -8.28457713e-01
 -2.92964041e-01  1.00264204e+00 -3.38031471e-01  1.59272647e+00
 -1.06246388e+00  2.24018469e-01  9.44272161e-01 -8.69164690e-02
 -3.79827142e-01  3.42186838e-01  1.85882583e-01  1.01651621e+00][[-0.24099976  0.23720834  1.3439983  ... -1.1613593   0.7195426
   1.256879  ]
 [-0.5642232   0.36086172  1.0598409  ... -0.10904049  1.3881949
   0.9627982 ]
 [-0.36025223 -0.45109442  0.9680631  ... -0.7001919   0.78291035
   1.5872431 ]
 ...
 [ 0.3669965   0.23704585 -1.1514983  ...  0.22297223 -0.92530245
  -0.3860888 ]
 [-0.21977665  0.2831199  -0.84270847 ...  0.140908    1.8765016
   0.09670421]
 [-0.35969698 -0.05451655  0.6381346  ... -0.36494353  0.7643982
   0.39692536]][ 0.40701205  1.9954826   1.249227   -0.9120361   1.2111317   0.287081
  0.9693353  -0.6711032   1.2389249   0.61601025][[ 1.3554758  -0.8037027  -0.683971    0.89995354 -0.43822435  0.83356863
  -0.7782072   0.41751337 -0.26952294 -0.70368564]][-1.2264851][[-1.16911221e+00  6.99504256e-01 -5.05047143e-01 -9.04400423e-02
  -7.51945078e-02 -5.04003018e-02  1.17433190e+00 -7.25443810e-02
  -1.30500448e+00 -5.76818921e-03  3.82967353e-01  5.22259116e-01
  -2.66088456e-01  1.34579861e+00  8.78107309e-01  2.68056959e-01
  -3.79697949e-01 -4.99690063e-02  2.23274603e-01 -1.81391165e-01
  -5.23832738e-01  6.28070176e-01  5.34650803e-01 -2.37104520e-01
  -3.06515723e-01 -2.32503638e-01 -8.54989827e-01 -1.06811030e-02
  -9.31477547e-01  8.00214857e-02  9.32656750e-02  1.53462982e+00
  -4.53206003e-01 -6.16183400e-01 -2.73801565e-01 -3.66205419e-03
  -7.40738064e-02  5.12944341e-01  8.66967738e-01 -6.01786852e-01
  -4.35736477e-01  7.37776160e-01  1.70737170e-02 -6.45574108e-02
   4.45108980e-01  6.87290490e-01  7.68645942e-01  5.46843588e-01
  -4.74716127e-01 -8.48393962e-02  5.69943130e-01 -2.88985038e+00
   1.88180578e+00 -1.01916707e+00 -5.42942166e-01 -7.52843738e-01
   1.97591555e+00 -1.87879115e-01 -7.80062675e-02  2.69074608e-02
  -8.61608461e-02 -1.70265988e-01  1.53003383e+00 -4.64820683e-01]
 [-1.50312674e+00  1.84288168e+00  4.92060930e-01 -1.92441559e+00
  -2.56765270e+00  7.74981797e-01  1.23039520e+00  1.84871361e-01
   1.31186521e+00 -2.05819917e+00  7.15600371e-01 -4.24129057e+00
  -1.60737240e+00  3.05127621e-01 -4.13928509e-01  2.63277531e+00
  -1.03273392e-01  3.17239594e+00 -2.11682153e+00 -2.17757031e-01
  -4.32388306e+00  5.38926268e+00 -5.69699705e-01  3.58131289e+00
   1.16080172e-01  3.56144810e+00  1.06866404e-01  1.91687167e-01
  -5.68267465e-01  2.79814792e+00 -3.67027545e+00 -1.14309669e+00
   3.13435137e-01 -3.40806055e+00  1.72974503e+00  2.65590882e+00
   8.80315125e-01  4.84322977e+00 -7.98920453e-01  3.29616499e+00
  -1.66453087e+00  1.30214882e+00  2.24497437e+00 -2.99132085e+00
  -1.55283737e+00  5.15037358e-01 -1.97591877e+00 -4.65307206e-01
  -8.35825634e+00 -4.70627546e-01  1.09993267e+01  1.91053510e-01
   1.32580006e+00  3.92658472e+00 -2.68657064e+00 -5.92971182e+00
  -7.23228395e-01 -1.49074459e+00 -2.75421834e+00  2.62388825e+00
   3.06985945e-01 -1.16913632e-01  5.44013119e+00 -1.91327250e+00]
 [-9.59222913e-01 -1.63112330e+00 -1.39861476e+00  1.14501965e+00
   9.06583905e-01  3.28470373e+00  1.87944233e-01  2.29292059e+00
  -5.87014377e-01  1.12575245e+00  2.04611969e+00  5.20964861e+00
  -6.53031886e-01  1.84845483e+00  8.80125165e-02  1.09693937e-01
   4.67210412e-01  1.03856349e+00 -5.36410987e-01  4.30376589e-01
   3.92176485e+00  2.80343699e+00 -2.39660358e+00 -1.39224911e+00
  -2.45805755e-01  1.29265428e+00 -1.76405299e+00  1.46723115e+00
  -3.10852289e-01  2.58906460e+00 -2.05239463e+00  6.01775765e-01
   5.43617606e-01 -2.21346721e-01 -3.22819972e+00  3.75245392e-01
  -2.50256157e+00 -5.62579298e+00  4.15920687e+00  7.63199925e-01
   7.61533558e-01 -1.25191331e+00  3.75187516e+00  1.27659392e+00
   1.10442126e+00 -1.20294523e+00 -2.77747536e+00  2.41972089e+00
   4.67803097e+00 -1.39168096e+00  6.60787678e+00 -5.26062965e+00
   9.07039106e-01  7.45021296e+00  9.57235470e-02 -3.61117387e+00
   6.36139154e+00 -8.59609008e-01 -2.17937633e-01  3.03557158e-01
   4.61306661e-01 -1.77790904e+00 -2.61638975e+00 -2.76797581e+00]
 [ 3.36528450e-01  1.16665900e+00  1.28246593e+00  1.98743987e+00
   1.80867910e+00 -1.76659536e+00  1.78798437e+00  1.33662927e+00
  -2.27961349e+00  1.03890002e+00  4.38011551e+00 -3.10813069e+00
   2.65476322e+00  2.30176115e+00 -1.52715221e-01 -1.03585589e+00
   7.00743914e-01  9.42770243e-01  1.84485102e+00  4.08195972e-01
  -3.51299763e+00  1.23308472e-01  3.25743818e+00  1.10075623e-03
  -2.70481676e-01  4.95133966e-01 -1.53185025e-01 -1.12131870e+00
  -9.10812840e-02 -1.37888312e+00  3.05165559e-01  4.27421379e+00
  -2.92147470e+00  2.36339855e+00 -1.91638982e+00 -1.63347280e+00
   1.92195332e+00 -2.40613556e+00  2.09021521e+00 -7.47872055e-01
  -4.05007553e+00  2.33524561e+00 -1.03903472e+00  2.13851929e+00
   7.32809631e-03 -5.34451485e-01  2.35464263e+00  2.88038349e+00
   2.66632080e+00 -7.07830191e-01  6.96515083e-01  4.80658680e-01
   4.38188171e+00  1.86042643e+00  4.41200644e-01  5.76794100e+00
   2.06964254e-01  1.19604564e+00 -2.05874228e+00 -1.17681813e+00
  -3.73575836e-01 -7.21175253e-01  5.98210156e-01  1.49529707e-03]
 [-7.14462578e-01 -1.69847739e+00 -2.80441499e+00 -4.04564810e+00
   5.40574980e+00  3.63383859e-01  5.55698335e-01 -6.42556095e+00
  -1.00143301e+00 -6.87175035e-01  3.16303873e+00  5.02519226e+00
   1.29115152e+00  1.25009131e+00  4.62572902e-01 -3.50113243e-01
  -2.31088907e-01 -8.85338664e-01 -1.31695032e+00 -2.38970101e-01
   9.54513550e+00 -1.67204022e+00  1.33015800e+00 -1.30398500e+00
   3.98031330e+00  1.93529967e-02  2.23277062e-01  4.13859427e-01
  -2.98728555e-01 -3.43015218e+00 -3.48416299e-01 -2.63282806e-01
   6.85604587e-02  1.23848784e+00 -1.92060018e+00  3.91947120e-01
  -8.56554687e-01  2.37480223e-01 -2.87594628e-02 -5.57017047e-04
   3.09724450e+00  3.05202103e+00 -1.36738324e+00 -1.34057939e+00
  -3.51496428e-01  4.13516670e-01  9.18861866e-01 -3.56319457e-01
   5.49408376e-01  3.41685653e+00  1.31776559e+00 -4.26993561e+00
   2.87040472e+00 -4.73828983e+00 -1.92170918e+00 -3.91115832e+00
   2.97275186e+00 -2.20785260e-01  6.65721819e-02  6.40805140e-02
  -1.38946474e+00 -6.32519543e-01 -1.76085210e+00  5.09563267e-01]
 [-4.10399884e-01  1.92429256e+00 -1.55338287e-01 -2.39477134e+00
  -3.28801632e-01 -4.91425782e-01  2.71529317e+00  7.97015285e+00
  -2.12643564e-01 -1.42540777e+00 -7.26888478e-01 -2.88280755e-01
  -1.76799208e-01  6.96707070e-01 -1.06709039e+00 -6.16153061e-01
  -1.74860084e+00 -1.24860930e+00 -3.93511616e-02  9.00992751e-01
  -1.55947435e+00  2.70801163e+00 -1.74793410e+00 -3.11741257e+00
  -2.45999649e-01 -1.32083023e+00 -2.69275689e+00 -3.40359695e-02
  -7.17022642e-02  1.15290689e+00  8.72036457e-01  3.12461448e+00
   4.01036352e-01  4.16675717e-01 -2.01463389e+00 -7.78696537e-01
  -4.21762556e-01  7.52464676e+00 -9.09032166e-01 -1.23534501e+00
   7.24434018e-01 -2.10237050e+00  8.67314100e-01  9.39723969e-01
   2.28933167e+00  7.69679546e-01  1.31949294e+00  5.41452229e-01
  -2.69842893e-01  6.99733555e-01 -6.58114493e-01 -3.92023355e-01
  -6.07646763e-01 -1.00120354e+00  1.07038784e+00 -3.46821994e-01
   3.61680984e+00 -7.19794869e-01  1.59246755e+00 -2.74736136e-01
   2.58752704e-01 -6.53004944e-01 -2.25052524e+00  2.66385698e+00]
 [ 1.11754167e+00  8.51419866e-01  9.29505765e-01  8.06632698e-01
   2.28498483e+00 -1.51593113e+00  2.64305621e-01  2.06035638e+00
  -5.50508618e-01  1.18803489e+00 -2.36464903e-01 -7.45334530e+00
   5.63744843e-01  3.26794243e+00 -4.09924507e-01 -1.67247152e+00
   1.03900619e-01 -2.76843011e-01  1.29053605e+00  3.13017547e-01
  -1.73061442e+00 -7.99289107e-01  1.10403621e+00 -9.72237885e-01
  -5.88444757e+00 -5.96593022e-01  2.14175606e+00 -7.36323357e-01
  -2.98629820e-01 -4.77407503e+00  6.81091249e-01  1.70545965e-01
  -1.33191359e+00  9.16769028e-01 -1.68572319e+00 -1.31328642e+00
   1.42828763e+00 -1.03734465e+01 -1.67389476e+00 -1.11186731e+00
  -3.70013523e+00 -4.59658653e-01 -2.97693801e+00 -1.93640280e+00
   1.78804374e+00  1.12353981e+00  2.73721004e+00  2.83405519e+00
   9.07929420e-01  5.35968602e-01  4.43866158e+00  1.73897696e+00
  -3.71599197e-01  3.14781666e+00  8.03599238e-01  5.75228262e+00
   1.76488745e+00  1.54136562e+00 -1.89490974e+00 -1.59898162e+00
  -8.68136585e-01  5.69367349e-01 -1.39720201e+00  1.61796018e-01]
 [-1.58943966e-01  9.50697601e-01 -2.75276804e+00 -3.16207480e+00
   5.40091358e-02 -7.28115439e-01 -1.05255568e+00  1.97865438e+00
   2.18815398e+00 -2.03844452e+00  3.66816783e+00 -2.66250086e+00
  -2.29276800e+00  2.54582953e+00  2.12299418e+00 -3.39449883e-01
  -1.17709553e+00 -9.48646605e-01 -8.91100407e-01 -4.72568601e-01
   6.15810812e-01  6.30663157e-01 -9.76658940e-01 -1.16922843e+00
  -8.05801749e-02 -5.11959934e+00 -7.81887650e-01 -7.50611126e-01
  -2.64529800e+00 -2.09523845e+00  9.15647577e-03  1.25673306e+00
   1.81308597e-01  9.64681089e-01  2.15019131e+00 -7.44102776e-01
  -1.78397703e+00 -5.00805807e+00 -3.00863671e+00 -4.73738402e-01
  -3.10762912e-01 -2.83079410e+00 -9.53687727e-02  7.10152626e-01
   4.26956224e+00  5.29078102e+00  2.21235824e+00  1.44067001e+00
   1.63071007e-02  1.95222750e-01 -2.49148607e+00 -1.07619572e+00
   2.83640909e+00  1.96841073e+00 -1.03367817e+00 -5.50037146e+00
   1.07381427e+00 -4.10461724e-01 -2.71103024e-01  6.02956176e-01
   7.95879439e-02 -7.21171856e-01  2.32069388e-01  1.56444466e+00]
 [ 5.63600719e-01 -3.63432467e-02  2.85977316e+00 -2.36549258e+00
   1.11240840e+00  8.68018925e-01  3.16928685e-01 -8.05078888e+00
   9.77746785e-01 -9.79372621e-01  5.26645780e-01 -2.53645688e-01
   1.92419827e+00  2.31717300e+00 -1.75239757e-01 -1.05063662e-01
  -1.87334752e+00  8.37207556e-01 -2.79800713e-01 -2.13989615e-01
   1.47897434e+00 -2.29176283e-01  7.33597815e-01  4.45307940e-01
  -3.28539848e+00 -6.86867088e-02 -2.26717973e+00  2.06424522e+00
  -2.24333331e-01  6.38440013e-01  3.00548577e+00  8.66554454e-02
  -7.62054443e-01 -2.04930568e+00 -1.37359500e-01  9.75968182e-01
   8.29852402e-01  7.12747383e+00  8.06728244e-01  1.38986480e+00
  -9.70866859e-01  3.58697534e+00 -7.39782393e-01 -8.55902374e-01
   5.78661561e-01 -1.01181817e+00 -3.25659811e-01 -3.04312229e+00
   3.82164049e+00  4.83792973e+00  2.94777918e+00 -7.58014345e+00
   2.52671218e+00  3.53471494e+00 -1.61836541e+00 -1.80405104e+00
  -2.05097294e+00 -6.18412316e-01 -4.06467915e-02  9.15459931e-01
  -9.86014247e-01  1.28912121e-01  3.44632721e+00 -2.61454940e-01]
 [-1.37593293e+00 -1.21404374e+00  2.66839767e+00 -7.50952005e+00
   1.01047799e-01  6.23659372e-01  2.20119500e+00 -1.90144122e+00
   1.22568659e-01  1.79325569e+00  3.98334074e+00 -5.98107517e-01
  -8.51112425e-01 -3.12862992e+00  1.03331423e+00 -1.64811105e-01
  -3.50839458e-02  8.75513330e-02 -7.20774293e-01  2.35963061e-01
  -1.07914000e+01 -7.51121938e-01  1.58724874e-01 -1.42767417e+00
   1.34719402e-01 -1.57429314e+00 -1.67059350e+00 -3.82987857e-02
  -7.34852910e-01 -7.05979466e-01  6.70051527e+00  7.74199724e-01
   7.62979805e-01  2.60798007e-01 -1.51320434e+00  1.24557865e+00
  -2.48608518e+00  6.35535669e+00 -2.08004355e+00 -8.99517238e-02
  -4.17414856e+00 -4.08800095e-01  1.13123453e+00 -1.56283438e+00
  -7.19797373e-01  1.84183180e+00 -6.65855944e-01 -4.83485073e-01
  -6.75917864e-01 -1.93407327e-01  1.63762641e+00 -8.08976293e-01
   4.80321026e+00 -6.15033913e+00 -5.50111949e-01 -6.50955582e+00
   7.76838139e-02 -6.35685921e-01  3.42820436e-01  1.58000618e-01
   3.54339451e-01 -2.18167767e-01 -1.69473201e-01  7.13549972e-01]
 [ 2.81863713e+00  1.78256667e+00 -2.75495648e+00  1.89906907e+00
   1.98055124e+00 -1.80592680e+00 -6.82845473e-01  1.92658854e+00
   1.86013460e+00 -4.15662885e-01  3.23979318e-01  1.78386593e+00
  -2.26132679e+00  4.33773041e-01  2.95161724e-01 -2.50068545e+00
  -1.93225265e+00  2.97299504e+00  8.76336634e-01  1.57574527e-02
   1.11188126e+01  7.84009159e-01 -2.18620658e-01  7.87156880e-01
  -1.36043638e-01  6.02370739e-01 -1.95349789e+00  2.04613030e-01
   2.92884755e+00  2.99060225e+00 -5.62280893e+00 -1.08545887e+00
   1.59179127e+00 -1.70673060e+00  3.32631350e+00 -2.35574102e+00
  -7.91142136e-02 -3.56203914e+00  2.39048743e+00 -3.41833115e+00
  -1.96966290e+00 -3.69716108e-01 -2.50277352e+00  1.67493880e-01
  -3.94131589e+00  3.48156524e+00  2.07424283e+00  5.33571959e+00
  -2.84632492e+00  1.90342045e+00 -4.60183287e+00  1.10448420e+00
  -1.25737345e+00 -6.46600008e+00  3.36940694e+00  6.94479895e+00
  -2.89353657e+00  3.12079370e-01  2.49407411e+00 -2.12626576e+00
   7.71692932e-01  4.94399108e-02  4.49833679e+00 -4.49568331e-01]][ 0.14068185 -0.66341203  0.01266607 -0.32152408 -1.108266   -0.12715557
 -0.22242367 -0.30155596 -0.41244876 -0.9410321  -0.3502588 ]