[[-0.30689344  0.07036164  0.0179909  ... -0.29869884  0.01703458
  -0.00414364]
 [ 0.25052327 -0.1932467  -0.09572111 ...  0.12637022  0.01821125
  -0.22693673]
 [ 0.21324815 -0.09751265  0.01249276 ...  0.21244799  0.02561529
  -0.071918  ]
 ...
 [-0.20206532  0.05732772 -0.13937111 ... -0.30496275 -0.07985188
   0.05483581]
 [-0.24882449 -0.01379279  0.31263292 ... -0.05664295 -0.0554902
   0.02498884]
 [ 0.15807392 -0.351852    0.04302522 ...  0.33414856  0.11426549
  -0.26636615]][[ 0.10636831 -0.12551275  0.05266987 ...  0.2894279   0.12327307
  -0.09173743]
 [-0.17407322 -0.07320914 -0.13884224 ... -0.22721615 -0.18348132
   0.13682124]
 [-0.1908042  -0.1599542  -0.04204444 ... -0.40699688 -0.36526597
   0.18072708]
 ...
 [ 0.064104   -0.13162273 -0.14866646 ...  0.17729205  0.0880091
  -0.03104201]
 [ 0.35552976  0.20308524  0.23802078 ...  0.31978872  0.19792466
  -0.27189547]
 [-0.22722055  0.00400965 -0.03823017 ... -0.15096761 -0.17794526
  -0.29158524]][-0.02690442  0.19164588  0.19225067 -0.18122365  0.3065373   0.17931043
  0.09848753  0.2554413   0.33942536  0.27300736 -0.07238349  0.00465312
  0.01453473 -0.00193292  0.07707719 -0.19539109  0.07638279  0.04732615
 -0.17072296  0.00790586  0.34076285  0.05506703  0.12355593 -0.18158351
  0.24902451  0.3712534   0.05452542  0.17647202  0.10369527 -0.00885426
 -0.01016211  0.11723832 -0.2839526   0.24792002  0.0461091  -0.06556679
  0.04343617  0.0969898   0.12997122  0.2309378   0.2778304   0.35111064
 -0.25614333  0.06333006 -0.217535    0.12012474 -0.07163347 -0.06295772
  0.25369284  0.1625198  -0.1174142  -0.1665237   0.17339285 -0.22047387
  0.09912187 -0.12485133  0.40211856  0.38673806 -0.294278   -0.0982641
  0.19816025 -0.04535987 -0.02550676  0.00766728 -0.00306225 -0.28056917
 -0.19050449  0.1697406  -0.20178844 -0.39617413 -0.14181611  0.1255037
  0.13362926  0.1033745  -0.04465079 -0.36372843 -0.07628515 -0.20252098
 -0.20223764 -0.11790468  0.23791943  0.20825107 -0.02213941 -0.11085865
 -0.14284971 -0.15552296 -0.21044762 -0.05653131 -0.09883574  0.13489161
  0.2843442  -0.40395567  0.25026873  0.15372892  0.10324848  0.35041744
 -0.17904505 -0.05513795  0.03843367 -0.17384118  0.18052548 -0.08717999
  0.2569087  -0.02721251  0.30376896  0.27157912 -0.0205124  -0.12105871
 -0.31019533  0.23798682  0.00088678 -0.14026788 -0.06807815  0.23893455
 -0.0550081  -0.11582214  0.3360568  -0.06223746  0.3097586   0.06380819
  0.27782065  0.3571936  -0.18096745 -0.0151204  -0.09241012  0.04985285
 -0.0495746  -0.16441825][-0.16427502  0.09046698  0.22109535 -0.27912417  0.29535496 -0.05440135
  0.13951032  0.0856512   0.40402877  0.19550106 -0.08228289  0.10530835
 -0.20365913  0.0478624   0.14538363 -0.16550721  0.02064471  0.18222103
 -0.17974818 -0.17006421  0.36861265 -0.01136796  0.11207512  0.10194726
  0.30305508  0.32831264 -0.00735892  0.19615377 -0.0012932  -0.16890877
 -0.29245606 -0.10954029 -0.14111309  0.10847862  0.3371061  -0.02658986
  0.11882187  0.11356492  0.09485988  0.05319683  0.2149247   0.20748313
 -0.06600636 -0.02013364 -0.08202071  0.00441599 -0.16922553  0.09538934
  0.1489062   0.3224154  -0.1262004   0.10277301  0.0474643  -0.24037339
  0.39298987  0.13004701  0.38403973  0.191392    0.00070283  0.09128821
  0.04894888 -0.09138256 -0.31056356  0.12562212  0.2010363  -0.1644009
 -0.32706314  0.08500747 -0.32256493 -0.32916462  0.01476031  0.13884975
  0.10355425  0.12371641 -0.11939362 -0.2193333   0.14413609 -0.36944348
 -0.2706075  -0.02275417  0.05449879  0.25411963  0.09764007 -0.09230924
 -0.16589907  0.07607318 -0.23242219 -0.2282596  -0.2554371   0.17224719
  0.09763906 -0.21061847  0.27869055  0.06303005 -0.06257846  0.0953145
 -0.03515258  0.2617859   0.07146025 -0.07393605  0.05762548  0.15834402
  0.2512541   0.01001013  0.27419576  0.3006221  -0.17823638  0.02182063
 -0.31546265  0.10426455 -0.0235282   0.10252278  0.14395942  0.11129072
  0.01882006 -0.20762631  0.30566207 -0.10987446  0.34607208 -0.08597529
  0.23033674  0.08486791  0.03813934  0.00906723  0.17125127  0.13553673
 -0.12610446 -0.09850852][[-0.26739702  0.22194433  0.4442926  ... -0.07324623 -0.16646676
  -0.15395898]
 [ 0.23974577 -0.41332585  0.22995526 ...  0.33714214 -0.09133028
  -0.2864492 ]
 [-0.23662804  0.03945844  0.22657345 ... -0.2171491  -0.00909348
  -0.22772591]
 ...
 [ 0.07609382 -0.35736337  0.10589947 ...  0.3173703  -0.04430494
  -0.44675535]
 [-0.03120189 -0.1767785   0.14545076 ...  0.17956008  0.10213034
  -0.3998235 ]
 [ 0.07616924 -0.21654367  0.25918826 ... -0.16037168 -0.07228538
  -0.00168622]][[ 0.09464554  0.05179258 -0.24062522 ... -0.07410214 -0.0542798
   0.16156134]
 [ 0.12218393  0.05244623 -0.12032162 ...  0.00151735  0.02550405
   0.09828904]
 [ 0.02178594  0.00504686  0.03992548 ...  0.242383    0.10464028
   0.28016183]
 ...
 [-0.07394907  0.28581887  0.06348356 ... -0.20829785 -0.16775374
   0.08265212]
 [ 0.15807684  0.22502203 -0.41595477 ...  0.07732364 -0.12391677
   0.24049221]
 [-0.26983243 -0.04773859  0.2537904  ...  0.19265382 -0.09013529
   0.1385815 ]][-0.19214417 -0.17545107 -0.0781772  -0.14548077  0.03639302 -0.16336313
 -0.2944591  -0.01006531 -0.03483314  0.1799997  -0.20520712 -0.13468406
 -0.20149168 -0.1573963  -0.20971698 -0.23187923 -0.28524053 -0.08981555
 -0.00801414 -0.01318368 -0.02079674 -0.26152748 -0.02672169 -0.12376024
 -0.10271294  0.16522552 -0.20957905  0.281409    0.01661094  0.16879159
 -0.09361549  0.0482282  -0.07029612 -0.07208662  0.04280899 -0.18170917
  0.08282045 -0.15279905 -0.21181995  0.1090451  -0.04282235  0.22349612
 -0.12320454 -0.01877359 -0.13958558  0.03194919  0.09256478 -0.16284266
 -0.20059736 -0.20369805 -0.14426166  0.03072588 -0.06491282 -0.07156448
 -0.0167039  -0.04090118 -0.16575544  0.00654127 -0.17308322  0.25366667
 -0.14452828 -0.05810449  0.00137526 -0.01375429 -0.02094637  0.00797691
 -0.08415491 -0.20347701 -0.20348248  0.1365532  -0.00701641 -0.01456163
  0.16734642 -0.30428332  0.02845775 -0.04554695  0.0378563  -0.0698879
 -0.12207832  0.01847626  0.04162582  0.02326183 -0.22652563  0.06349242
  0.2583389  -0.00612322 -0.13102645 -0.1366589   0.025806   -0.02024675
  0.00497279 -0.08238368 -0.11687389 -0.09322895  0.01944844  0.03499728
 -0.02821327 -0.09150578 -0.13503423 -0.07255975  0.07188013  0.09660744
  0.18298273 -0.06804565 -0.09495964  0.16142558  0.06960499 -0.21316557
 -0.17037846  0.05320673 -0.05620757 -0.15373984 -0.09749889 -0.14968388
 -0.02503264 -0.03273486  0.24614623  0.03960612  0.02820765  0.01130559
 -0.24034539  0.1116589  -0.18126796  0.21288282 -0.16518427  0.037748
 -0.03686403 -0.02346722][-0.2737894   0.09212039  0.04119093 -0.06029209 -0.08124871 -0.05301341
 -0.2385929   0.06506006  0.07075715  0.01951701  0.03876745 -0.08721425
 -0.10449986 -0.18163764 -0.05087007 -0.16866425 -0.27443027 -0.20044933
  0.039482    0.12313479 -0.10691203 -0.16182911  0.15831357  0.05411807
 -0.29038924  0.07904652 -0.20924708 -0.03927281 -0.02635072 -0.11503997
 -0.20489359 -0.11209692 -0.04485869  0.06536765 -0.04964206 -0.15729775
  0.15173265 -0.19481306 -0.1932599  -0.02824646 -0.32916182 -0.03721387
  0.07252888  0.08951761  0.09078101 -0.1570474   0.07551266 -0.1436407
 -0.2734545   0.09100253 -0.20723191 -0.15771559  0.13023172 -0.14455277
 -0.00821185 -0.18106253 -0.24577324 -0.07923973 -0.12143962 -0.01619518
 -0.1261893   0.1927299  -0.00178539 -0.00742538  0.08665994  0.1949458
 -0.08096728 -0.18326978 -0.16807798  0.21963912  0.02360073  0.1440456
  0.09329163 -0.05088788  0.09224116 -0.11561223  0.01304304 -0.17955624
 -0.03939284 -0.02064694  0.27629262  0.21047382 -0.03440204  0.20753433
  0.07672694  0.0182413  -0.01628681 -0.20836881  0.0024944   0.23074228
  0.19648737  0.04518321 -0.08142902 -0.13974151 -0.06911705 -0.2139935
 -0.2335603  -0.06264535 -0.18436788  0.18185388 -0.05740577  0.02846822
  0.06010853 -0.07581463  0.14222611  0.19492085  0.0821505  -0.164641
  0.06281529  0.06648666  0.14431384  0.0989344  -0.21577118  0.12979321
  0.01819988 -0.1279224   0.23713243 -0.26710048  0.0344092  -0.07142581
 -0.09331401  0.29241648 -0.1037405   0.23975566 -0.26582682  0.04405551
 -0.30790082  0.02947002][[-0.26861012  0.16626665  0.23587534 ... -0.16182981 -0.2591703
   0.08323866]
 [ 0.19805352  0.13307077  0.18071295 ...  0.20971839 -0.02945429
   0.20148224]
 [-0.11091668  0.09386656  0.02706021 ... -0.18509148 -0.32368413
  -0.09967767]
 ...
 [-0.33754525  0.00885887  0.02630797 ... -0.2111299  -0.31508815
   0.05827473]
 [-0.25836772  0.27836183  0.29662764 ...  0.04158793 -0.34310222
  -0.01537865]
 [ 0.04441179  0.01552539  0.20020483 ... -0.08988544 -0.27126923
   0.28482163]][[ 0.21192925  0.31895417  0.17155616 ... -0.05369879  0.31022328
  -0.20595689]
 [-0.25622177 -0.18047023  0.19063614 ... -0.2258504  -0.12763956
  -0.03007614]
 [-0.11879459  0.1537128   0.11572772 ... -0.04697533  0.19719389
  -0.17155117]
 ...
 [-0.03807661  0.03747041  0.05929573 ... -0.02880549 -0.18584628
   0.0132565 ]
 [-0.13084619  0.12715653  0.24694586 ... -0.10478041  0.09316573
  -0.3297326 ]
 [ 0.02209927  0.06881147  0.384023   ...  0.08692899 -0.10491648
   0.0529465 ]][ 1.30134359e-01 -2.07429782e-01  1.19013943e-01  1.22145005e-01
 -1.30592346e-01  1.91740692e-05  1.11016572e-01 -2.76431441e-01
 -2.71056414e-01 -7.59608746e-02  1.03764653e-01  1.12653002e-01
  2.87390351e-01 -2.69766062e-01 -8.35929215e-02  1.25635520e-01
  1.26395971e-02 -2.21338291e-02  7.93055221e-02 -1.03656769e-01
  1.21731162e-01  7.42831156e-02  3.81526500e-01 -2.31193244e-01
 -1.02227703e-01 -4.16859388e-02 -7.22586550e-03  1.70237988e-01
 -1.65225446e-01  1.44917239e-02  1.38741033e-02  2.42583990e-01
 -1.72040656e-01 -9.78913903e-03 -1.91050544e-01  9.99812037e-02
 -3.05141330e-01  2.69476503e-01  9.97714400e-02 -2.98079103e-03
  2.25396901e-01  1.53559640e-01  1.58496574e-01  1.57834981e-02
 -6.30707061e-03  2.71483451e-01  1.86465621e-01  4.49351128e-03
  1.59395814e-01 -3.75059396e-02  2.50316590e-01 -5.46573512e-02
 -1.82514921e-01  1.88655406e-01  2.27887332e-02  6.16120808e-02
  2.97939748e-01  7.63181001e-02 -3.42532933e-01 -9.53711197e-02
  3.30018163e-01  8.81177709e-02 -9.69308913e-02  4.20973264e-03
  2.54304111e-01 -7.68107101e-02  8.60037208e-02  3.21938813e-01
 -2.91742831e-01  3.20961513e-02  1.93211854e-01 -2.63871104e-01
 -4.19348665e-02  4.91183996e-02  9.77774188e-02  9.89776850e-02
  2.16496050e-01 -8.22166651e-02 -9.70524698e-02  1.96178913e-01
  1.09971128e-01  3.35211940e-02 -9.35478136e-03 -1.20217428e-01
  4.82028797e-02  1.76962003e-01  3.63309979e-01 -2.94872373e-01
 -6.58333395e-03 -3.28610279e-03  2.09604606e-01  2.23363951e-01
 -5.55169992e-02 -1.96556091e-01  1.93095073e-01  1.41488880e-01
 -1.95164949e-01  2.97569390e-03 -2.77468145e-01  3.23470533e-01
 -1.95412546e-01  2.55622238e-01  1.51145205e-01 -2.07563505e-01
  6.72104955e-02  1.81482628e-01  1.75888762e-01  1.04599819e-02
 -1.60625055e-01  2.35064346e-02  1.37698635e-01  2.31813699e-01
  2.30641454e-01  4.41369638e-02  1.38072699e-01 -1.17351986e-01
  1.17663190e-01  2.27164045e-01 -9.56508666e-02 -3.11494231e-01
  2.63829589e-01  3.05692762e-01 -1.01790495e-01 -2.54236490e-01
  1.85165435e-01  6.53314739e-02 -5.30070178e-02 -5.95337152e-02
  2.19568983e-01 -7.35794678e-02 -1.32221043e-01 -2.23826617e-01
 -9.32620019e-02 -2.54736990e-01  9.59605351e-02 -7.03253448e-02
  9.78039354e-02 -1.88690230e-01 -2.28168920e-01 -2.17092589e-01
  3.72109026e-01 -7.12768137e-02 -1.01162374e-01 -2.41527166e-02
 -2.60977000e-01 -1.01064824e-01 -2.18049303e-01  1.41336977e-01
 -1.25269979e-01  3.25366914e-01  2.33479291e-01  6.26164973e-02
  2.95864493e-02  1.86968699e-01 -2.00293124e-01  1.59117520e-01
 -2.55722612e-01  1.07144818e-01 -1.64262712e-01 -2.03950152e-01
 -4.05640230e-02  7.95004815e-02  1.43477723e-01  1.81319088e-01
  7.88992271e-02 -2.63691783e-01 -1.53269172e-01 -5.09285145e-02
  1.53881818e-01 -1.51596591e-01 -1.68497801e-01  7.73088485e-02
 -2.06332147e-01  1.16673172e-01  1.52967051e-01 -2.16366291e-01
  1.87568113e-01 -5.58962598e-02  2.02494189e-01 -1.41600102e-01
  6.37624413e-02  8.66663083e-03 -3.01168635e-02 -7.89235234e-02
 -1.12788200e-01 -1.77433282e-01  1.43228814e-01  1.76114291e-01
 -2.81325549e-01  3.07667792e-01 -1.82134122e-01  1.05980888e-01
  2.67470986e-01 -1.28405541e-01 -2.10612006e-02  1.90356389e-01
 -3.05522859e-01 -3.70033905e-02  9.72521305e-02 -2.56823957e-01
 -2.42249042e-01 -2.69599110e-02  1.18505388e-01  2.41410896e-01
 -1.50855139e-01 -1.23276368e-01 -2.68163294e-01  8.97250846e-02
  4.48338278e-02  2.90082663e-01 -8.50298069e-03 -1.36646226e-01
  9.52157304e-02  1.33947968e-01  1.40700549e-01 -2.97325313e-01
  1.75561175e-01  1.19472548e-01  9.53652412e-02  6.48756325e-02
 -2.43967772e-02 -1.33556321e-01  1.04621470e-01  1.07151322e-01
 -4.36077826e-04  5.61230555e-02 -6.45485371e-02  1.39819622e-01
 -1.19762309e-01  3.22513103e-01  1.43471688e-01  1.45565420e-02
  1.49569497e-01  8.91716033e-02  1.24078795e-01  4.49429862e-02
  2.44370282e-01  2.86908895e-01  1.42898053e-01  8.64858255e-02
  1.30202785e-01  4.20021787e-02  1.22205496e-01  8.42509270e-02
 -5.92882857e-02  2.07113102e-01  6.35071248e-02  1.76643841e-02
  1.85551867e-01  2.69845635e-01 -2.08341002e-01 -8.94690119e-03
  5.05174622e-02 -1.73874229e-01  9.08621103e-02  2.66096722e-02][ 1.23408787e-01 -1.64339766e-01 -4.94984016e-02  1.66905820e-01
 -3.42490971e-01  1.70732692e-01  1.94777191e-01 -2.70749271e-01
 -5.38742691e-02  3.03371325e-02  6.91379905e-02  2.12749481e-01
  2.59629995e-01 -2.25425810e-02 -9.74043310e-02  2.13319615e-01
  1.16349645e-01  4.06307131e-02 -7.95851741e-03 -5.28231934e-02
  3.43060121e-03  8.28282461e-02  2.44001120e-01 -4.17986661e-01
 -4.99314256e-02  6.96227476e-02  2.66869850e-02  3.81624728e-01
 -1.48454487e-01 -1.97245032e-01  1.35614827e-01  1.98384896e-01
 -1.81587279e-01 -3.90649289e-02 -2.28062376e-01  1.75187200e-01
 -2.84521043e-01  2.49860078e-01 -3.20990104e-04 -7.53295645e-02
  4.74840924e-02  2.73144454e-01  1.62927866e-01  3.43337841e-02
 -1.09486338e-02  1.58954740e-01  2.88256586e-01  2.85692085e-02
  3.58092599e-03  2.48569660e-02  1.99641809e-01 -1.18669033e-01
 -1.53904073e-02  7.07273260e-02 -1.15186006e-01 -9.72762704e-02
  3.19176555e-01  2.26822153e-01 -1.28423616e-01 -1.27867162e-01
  2.52618909e-01 -1.81750041e-02 -1.02221876e-01 -3.47465836e-02
  3.01486939e-01 -1.04038361e-02  1.01914980e-01  1.80662960e-01
 -1.77710429e-01  2.06270576e-01  2.61678755e-01 -2.78365463e-01
 -1.46305904e-01  6.09712824e-02  3.42637636e-02  1.01514772e-01
  2.27973819e-01 -2.26560935e-01 -2.88726270e-01  1.75442651e-01
  4.37631682e-02  1.47153407e-01 -7.51689002e-02 -1.01829082e-01
  8.47488195e-02  7.47549906e-03  1.65036246e-01 -3.34962487e-01
  5.59440292e-02  5.45640849e-03  8.17905962e-02  1.61587253e-01
  3.75180803e-02  2.69242898e-02  1.15874633e-01  9.86113101e-02
 -1.93930238e-01 -1.57314330e-01 -1.00519255e-01  1.20775193e-01
 -2.52942950e-01  1.55701727e-01  4.82055806e-02 -9.23565999e-02
  6.40104711e-02  1.88012376e-01  2.86283731e-01 -5.59218228e-02
 -3.23157161e-02 -3.76765355e-02  2.61609882e-01  2.05822095e-01
  1.30750313e-01 -1.80719748e-01  2.01901853e-01  9.00685862e-02
 -5.37834018e-02  1.18146744e-02 -1.10966355e-01 -2.96558589e-01
  2.65861988e-01  3.69254738e-01 -1.31682664e-01 -1.32525325e-01
  9.36436877e-02  1.10676885e-01  1.38902627e-02 -2.67595761e-02
  1.27887890e-01 -1.35126878e-02 -3.22896577e-02 -1.79659992e-01
  1.04258340e-02 -1.68729261e-01  1.82453588e-01 -1.05310723e-01
 -6.51569888e-02 -1.10095978e-01 -1.14446864e-01 -2.54468471e-01
  3.17965537e-01 -2.10903227e-01 -1.77390486e-01  1.27040535e-01
 -3.33717197e-01 -1.17201097e-01 -1.80278257e-01  2.48796880e-01
 -1.75203189e-01  2.88510025e-01  8.59984234e-02  1.93861239e-02
  1.03264809e-01  2.58865625e-01 -2.47885555e-01  3.16875458e-01
 -1.88044369e-01  4.87061813e-02 -5.15213571e-02 -3.88557166e-02
 -6.76874295e-02  3.01912390e-02  4.43879664e-02  1.02105066e-01
  9.74323601e-04 -9.10701603e-02 -1.54729307e-01 -2.35817999e-01
  1.86373413e-01 -2.62193173e-01 -1.71849445e-01  1.55253738e-01
 -1.41772166e-01  1.22659355e-01  3.46588999e-01 -6.27861470e-02
  1.04670882e-01 -1.60292700e-01  3.00868720e-01 -7.93793127e-02
  4.94423173e-02 -3.27802747e-02 -1.35857135e-01 -4.39431183e-02
 -7.50153661e-02 -1.11872852e-01  2.83893466e-01  1.63990229e-01
 -2.00214118e-01  2.48766616e-01 -5.76726347e-02  1.24550045e-01
  1.03479147e-01 -9.61550623e-02  6.29212707e-02  1.07872263e-01
 -2.67814845e-01 -1.22139677e-02  2.47531533e-01 -1.92037582e-01
 -1.70979232e-01 -1.27086386e-01  3.67468037e-03  9.42236856e-02
  3.59464325e-02 -1.42724037e-01 -1.11062780e-01  1.29108101e-01
 -1.52751029e-01  2.05994278e-01  2.90922299e-02 -1.44601882e-01
  2.46390358e-01  8.77462327e-03  1.53315336e-01 -4.05081302e-01
  4.44441065e-02  5.56727499e-02  5.64186312e-02  1.78956404e-01
 -1.12868205e-01 -1.08369999e-01  2.56977022e-01  7.25349113e-02
 -1.07085288e-01 -4.98482734e-02 -1.72347814e-01  1.47882685e-01
 -1.76692009e-01  2.66313642e-01  1.72524169e-01 -1.55606627e-01
  7.53670186e-03  7.94686228e-02  2.17146799e-01  1.24812879e-01
  9.60607901e-02  2.53775895e-01  1.87793039e-02  1.21730767e-01
  1.14778705e-01 -4.36838344e-02  1.45534858e-01 -4.62599248e-02
 -2.04626799e-01  1.74042732e-01 -4.93652597e-02 -1.94202680e-02
  3.47544730e-01  6.48254305e-02 -2.84476668e-01  1.15600199e-01
  6.71873167e-02 -1.86013281e-01  1.35325864e-01 -1.14363000e-01][[ 0.07792057  0.1388856  -0.23333222 ... -0.05004564 -0.21250297
   0.00644802]
 [-0.03274743  0.06748632 -0.05601105 ...  0.00854416 -0.22814342
   0.02569711]
 [ 0.11126181  0.05296253 -0.2488327  ... -0.12555985 -0.13556775
   0.04224849]
 ...
 [-0.09056617 -0.15680583  0.1051196  ...  0.07299631  0.22622144
   0.06999075]
 [ 0.08572501  0.124156   -0.06763859 ...  0.06877013  0.0259045
  -0.203489  ]
 [ 0.15585558  0.03621667 -0.19175386 ...  0.12361315  0.06266358
  -0.23971067]][-0.00261196 -0.0046878   0.00701023  0.11933877  0.07483336  0.08985897
  0.10578791 -0.06098324  0.12372684  0.06654736][[ 0.2947096   0.22785865  0.2951181   0.32881877  0.22577065  0.38962963
   0.15298955 -0.24747807 -0.15382743 -0.21898662]][0.09090455][[-3.52928936e-02 -2.56098777e-01 -6.47215992e-02 -6.37425780e-02
  -1.25963809e-02  1.93802282e-01  1.44322008e-01  1.83853060e-01
  -2.63487339e-01 -2.92293221e-01 -1.02039203e-01 -1.94177270e-01
  -6.97979182e-02 -1.16958216e-01 -2.37046987e-01 -6.64142594e-02
  -5.71057796e-02 -9.87863094e-02  6.09520674e-02  5.32667339e-03
  -5.69291934e-02 -2.94393331e-01  1.60688192e-01  1.16654143e-01
  -2.03925669e-02 -6.83558211e-02  1.99043993e-02  7.16065019e-02
  -1.05801344e-01  1.87749580e-01 -1.42372623e-01 -7.91071355e-02
  -1.55829251e-01  1.52965397e-01  1.28285989e-01  7.57241547e-02
   1.36202574e-01 -1.35415494e-01  4.14625406e-02 -9.22168568e-02
   9.74641889e-02 -1.99450582e-01  2.14322116e-02  8.98885056e-02
  -2.22463906e-01  5.14858738e-02  4.22092192e-02  4.23877761e-02
   9.53246653e-02 -2.63380446e-02  9.59260389e-04 -5.47471642e-03
   2.44786471e-01 -5.30867577e-02 -2.02544063e-01 -7.10154101e-02
  -1.24678038e-01 -1.13861635e-03 -5.57306409e-03  1.53802991e-01
   2.41769496e-02  4.36782911e-02 -7.27178305e-02  1.50474943e-02]
 [-3.58105868e-01  3.65312308e-01  2.30871767e-01  3.61251116e-01
   6.20959140e-02  4.85005319e-01 -1.48487061e-01  1.82649970e-01
  -3.88877302e-01  4.08927172e-01  3.10018420e-01  3.14014196e-01
  -3.54743540e-01  3.13547224e-01  1.32558495e-01 -4.40957285e-02
   3.56339455e-01 -2.69276589e-01  2.95362473e-01 -4.30574208e-01
   5.12324512e-01 -1.08746253e-01 -3.79529178e-01  3.38980854e-02
   3.16662222e-01 -3.05601686e-01  4.38320160e-01 -4.81433809e-01
   2.82111317e-01 -2.97299504e-01  6.01052167e-03 -1.53224781e-01
   3.41193676e-01 -1.58221692e-01  1.30980238e-02 -4.97709632e-01
  -9.57355052e-02  4.16621715e-01  4.13466036e-01  2.56571442e-01
  -3.83791208e-01  5.29829025e-01  4.70140308e-01 -1.53832614e-01
   1.93075225e-01 -1.30433962e-01 -3.92371655e-01  3.64276260e-01
  -3.48281682e-01  2.57211655e-01 -2.63782203e-01  3.22894633e-01
  -1.11569598e-01  2.55271405e-01  3.01517010e-01  1.93995729e-01
   2.18375534e-01  4.91811574e-01 -4.89466548e-01 -2.99649805e-01
   3.26203823e-01 -4.45309788e-01  1.78206474e-01 -3.16057056e-01]
 [-4.70107734e-01  1.56787694e-01  3.74962598e-01 -1.25698280e-02
  -6.88642040e-02  2.76966631e-01 -2.03515366e-01 -6.49639964e-03
   9.26855579e-02 -4.09011662e-01  2.83939749e-01  4.57211614e-01
  -2.74447173e-01  1.68206707e-01  2.91123450e-01  3.15675855e-01
   2.77957618e-01 -3.88945580e-01  2.91657239e-01 -4.26096141e-01
   5.15091598e-01 -2.13861302e-01 -5.12457788e-01  2.43558377e-01
   4.48632389e-01 -3.71058404e-01  4.27227169e-01 -5.58077693e-01
   3.48832041e-01 -2.51213104e-01  4.62989882e-02 -3.25755388e-01
   2.61190355e-01 -2.99138933e-01  1.20264992e-01 -4.86746013e-01
   9.15304199e-03  3.39058608e-01  5.04563987e-01  2.31868356e-01
  -2.57193953e-01  2.48164728e-01  4.75328326e-01 -3.25662553e-01
   3.42131704e-01  4.00117755e-01 -5.60714126e-01  4.44323063e-01
  -2.89789915e-01  3.71122152e-01 -5.10701716e-01  4.75925803e-01
   2.81390995e-02  1.74239993e-01  5.15190996e-02 -1.51124567e-01
   3.51417035e-01  4.11020339e-01  1.81353375e-01 -1.88927263e-01
   3.77370358e-01 -2.32834145e-01  1.55722037e-01 -3.94429386e-01]
 [ 3.75931084e-01 -2.09476158e-01 -1.34538338e-01 -2.37185583e-01
  -1.69357151e-01 -3.26210111e-02  2.48533338e-01 -5.08292615e-02
   1.98211998e-01 -6.54841065e-02 -3.05616826e-01 -4.31882441e-01
   3.29811662e-01 -1.62592217e-01 -3.13752234e-01 -4.16472137e-01
  -4.69367802e-01  4.28351939e-01 -3.86784583e-01  2.74099350e-01
  -3.04116130e-01  2.20135197e-01  4.48505759e-01 -1.20472074e-01
  -2.55226046e-01  2.32419148e-01 -3.42622221e-01  3.02412927e-01
  -1.15715191e-01  3.33561808e-01 -2.00038448e-01  3.59639734e-01
  -3.13274831e-01  3.22784394e-01 -6.42290339e-03  5.22760570e-01
  -1.68402493e-02 -3.49675179e-01 -3.70883852e-01 -1.29973829e-01
   1.18924156e-01 -2.15190589e-01 -4.21506703e-01  3.51400137e-01
  -1.66183785e-01 -3.75896633e-01  4.18331444e-01 -3.59647751e-01
   2.85434842e-01 -3.59881610e-01  3.98550183e-01 -3.63111705e-01
   4.46423516e-02 -2.18920648e-01 -1.46092087e-01  6.54033870e-02
  -3.07920426e-01 -4.12469208e-01  3.54906350e-01  2.48839349e-01
  -3.41530025e-01  4.16697651e-01 -2.32375085e-01  2.68956184e-01]
 [ 1.57654956e-02 -2.07391791e-02  7.33117759e-02 -6.29899837e-03
  -6.75125346e-02 -3.34028482e-01 -3.89494836e-01 -3.85031223e-01
   4.19727534e-01  2.92705838e-02 -1.28775150e-01  3.12919199e-01
  -1.10172629e-01  1.60189457e-02 -4.25919052e-03  1.42782614e-01
   3.33652012e-02  2.99375296e-01 -1.02085419e-01  1.51389062e-01
  -8.20455514e-03  2.86082387e-01 -5.80482883e-03 -1.55034348e-01
  -8.81857723e-02  5.08854650e-02 -1.58617198e-01 -1.23685159e-01
   1.45705238e-01 -2.28304639e-02  1.27144098e-01 -9.94173959e-02
   1.22398734e-01 -6.68042526e-02  8.41604471e-02 -3.45147774e-02
  -7.94863403e-02  1.94017902e-01  1.25592202e-02  2.86959019e-02
   5.13370074e-02 -6.76736161e-02 -1.82299577e-02 -1.63744077e-01
   9.96210054e-02  2.26730138e-01 -1.98422894e-02 -8.03502351e-02
  -4.01236676e-02 -2.03190237e-01  9.44805592e-02  6.35708421e-02
  -1.47595346e-01  2.62718409e-01  7.83164054e-04 -1.85956463e-01
   2.73146510e-01 -9.67046693e-02 -1.55690387e-02  2.65795738e-02
  -9.01878178e-02 -1.37718856e-01  1.26766399e-01  7.69901052e-02]
 [-2.67097861e-01  3.82683307e-01  1.79420069e-01  2.51463264e-01
   1.60033286e-01  4.03864592e-01 -1.06409468e-01  1.78499311e-01
  -3.50328684e-01  1.94459334e-01  3.02780330e-01 -1.93489358e-01
  -2.26447269e-01  3.11273277e-01  1.53708607e-01  1.02268092e-01
   5.17091453e-01 -3.23146760e-01  4.74836603e-02 -4.19254720e-01
   3.62280250e-01 -2.62160063e-01 -5.43155037e-02  1.70156732e-01
   3.19549680e-01 -2.86321461e-01  2.98685551e-01 -1.01754896e-01
   2.41842605e-02 -2.99636960e-01  1.46667853e-01  2.72716209e-03
   2.33782485e-01 -1.55307993e-01 -1.20062344e-01 -3.28746438e-02
  -1.88575521e-01  2.52560794e-01  1.45539194e-01  1.88441396e-01
  -1.72527283e-01  4.02744949e-01  3.65458786e-01 -1.87586159e-01
   1.93820417e-01 -1.48716629e-01 -2.89814264e-01  1.80787072e-01
  -2.89399266e-01  2.62621760e-01 -3.93848807e-01  3.43314409e-01
  -1.34738639e-01  3.86271663e-02  1.76244125e-01  1.95739642e-01
   2.54243463e-01  4.91816610e-01 -1.71144143e-01 -2.41068646e-01
   4.43951756e-01 -1.28503665e-01  1.07757092e-01 -3.80094647e-01]
 [ 2.05783039e-01 -1.47633448e-01 -2.09114905e-02  1.83176294e-01
  -2.33434141e-02 -3.52126956e-01 -6.34438843e-02 -3.07473332e-01
   1.63990289e-01 -3.16197664e-01 -1.94232062e-01  3.48797515e-02
   2.97150135e-01 -3.49617630e-01  1.40447199e-01 -6.95307180e-03
  -4.15626377e-01  2.81735748e-01 -4.33956087e-03  2.99567163e-01
  -4.29829985e-01  3.33387047e-01  2.07795411e-01 -9.14332196e-02
  -9.04433131e-02  3.80449712e-01 -2.39661977e-01  3.21394920e-01
   7.41113648e-02 -4.75688949e-02 -1.12093985e-05  1.86409622e-01
  -4.04540263e-02  1.57579109e-01  9.24649984e-02  9.44263265e-02
   5.85183948e-02 -1.57749474e-01 -2.59005815e-01  5.65386657e-03
   2.57442981e-01 -1.21231526e-01 -2.65314914e-02 -3.73740047e-02
  -1.57108694e-01  3.59296910e-02  3.30709547e-01 -1.45320609e-01
   2.66110718e-01 -1.96767837e-01  4.10279930e-01 -1.05574876e-01
   2.36675292e-01  2.65844613e-01  1.36527270e-02 -1.03286095e-03
  -1.40090883e-01 -4.40583289e-01  3.20902169e-01  7.76693821e-02
  -2.76036203e-01  3.50220740e-01 -1.86533388e-02  2.96582967e-01]
 [ 3.55553538e-01 -2.78736949e-01 -2.52491981e-01 -3.10857952e-01
  -1.19857289e-01  6.61912188e-03  2.79625922e-01  6.97924197e-02
   1.74104601e-01 -2.57123411e-01 -3.65128249e-01 -1.31117672e-01
   2.32581362e-01 -2.76218295e-01 -1.12140968e-01 -1.94606051e-01
  -2.78209776e-01  1.78816304e-01  4.06865962e-03  3.85482907e-01
  -3.20892572e-01 -2.27871493e-01  2.70120531e-01  1.29002810e-01
  -1.77675828e-01  2.00711578e-01 -3.00033361e-01  3.50798965e-01
  -1.80841148e-01  1.14659511e-01 -2.20145270e-01  2.67983556e-01
  -2.13121802e-01  1.89460203e-01 -1.32533610e-01  1.89009994e-01
   2.34778732e-01 -3.11362982e-01 -3.60162139e-01 -1.40130013e-01
   3.50855350e-01 -3.41229081e-01 -3.78085285e-01  1.79445758e-01
  -2.87481815e-01 -1.54997319e-01  3.50203484e-01 -2.00376138e-01
   3.35722893e-01 -3.06229353e-01  1.50432587e-01 -1.28750265e-01
  -2.26176694e-01 -2.74255574e-01 -8.31198990e-02 -9.82735902e-02
  -2.72924900e-01 -3.32543224e-01  1.25306338e-01  1.66210771e-01
  -3.51090312e-01  3.00072700e-01 -2.60602772e-01  2.55958021e-01]
 [ 5.74645074e-03  1.98469758e-01  7.65844956e-02  2.09452704e-01
  -2.63415813e-01 -5.10518625e-02 -3.71409982e-01 -1.22565992e-01
   1.06540069e-01  2.68308640e-01  1.06237911e-01  4.09431159e-01
  -1.76843017e-01  1.70790985e-01 -8.27349350e-03  3.44680667e-01
   7.80956149e-02  2.57912815e-01  4.21650521e-02  9.88771766e-02
   6.86018318e-02  1.74105927e-01 -2.18446791e-01  8.59716907e-04
   6.96632862e-02 -2.40228772e-02 -1.37764931e-01 -1.35658234e-02
   2.78732240e-01 -9.32937190e-02  2.98566431e-01 -1.57829076e-01
   1.69134602e-01 -2.54332215e-01 -5.70095479e-02 -7.61267319e-02
   1.70375869e-01  1.65729806e-01  1.09526165e-01  1.65474266e-01
  -1.25879735e-01  4.32634354e-02 -2.26702746e-02 -1.94209799e-01
   9.92387012e-02  1.27947018e-01 -1.09111413e-01  7.85141885e-02
  -3.37294824e-02 -3.68149310e-01 -1.69513673e-01  6.14864379e-02
  -2.29808763e-01  2.32081056e-01  1.56269237e-01 -2.01880168e-02
   1.49358988e-01  1.42657384e-01 -1.58346012e-01 -1.49590403e-01
  -1.19179282e-02 -2.62708664e-01  2.69278102e-02 -1.25115784e-03]
 [ 7.36644119e-02  9.91814435e-02  1.25478789e-01 -7.84774050e-02
   3.03761691e-01 -3.03195447e-01 -2.71146268e-01  8.72760713e-02
  -3.10169578e-01  9.95807350e-02  1.14909954e-01  1.21993288e-01
  -2.27399901e-01  2.85685539e-01 -3.04360725e-02 -3.75575066e-01
  -7.20779449e-02  4.37293828e-01 -4.38966990e-01 -8.12231004e-02
  -3.25822905e-02  1.39017999e-01 -1.36011645e-01 -2.40365937e-01
   2.76907653e-01  2.23390326e-01  4.22468036e-03 -4.86749932e-02
   2.08950877e-01 -2.20935300e-01  2.43291229e-01  3.45247656e-01
   2.34072119e-01 -2.43093029e-01 -5.08177698e-01 -9.89320725e-02
  -2.96050310e-01  2.03961879e-01  9.45624337e-02  3.03930342e-01
  -1.38954923e-01  1.51891604e-01  2.82318611e-02 -1.69334054e-01
   3.73570114e-01 -3.60627443e-01 -8.23512301e-02  2.19401732e-01
  -1.86045244e-01 -7.90636092e-02  3.20624262e-01 -5.65522909e-02
   1.28316507e-01  3.81674975e-01  1.79698944e-01  1.52596936e-01
   2.49181449e-01  1.18267663e-01 -2.60746062e-01 -3.15328836e-01
   4.94529009e-02  4.34508137e-02 -2.75490195e-01 -3.22285473e-01]
 [-4.28618848e-01  1.51095420e-01  7.61943907e-02  4.00882214e-01
  -8.82418975e-02  3.13537478e-01  1.22063667e-01  1.85857952e-01
  -2.27279797e-01 -3.00810486e-03  1.83519691e-01  2.39980668e-01
  -1.31341904e-01  1.97915867e-01  1.46354645e-01  4.20059144e-01
   2.63941169e-01 -3.20092052e-01  3.25963289e-01 -4.65647310e-01
   4.41621423e-01 -2.31922537e-01 -4.68113899e-01  2.52742589e-01
   2.49426946e-01 -5.18057227e-01  3.08630705e-01 -4.39779490e-01
   2.96156406e-01 -1.34410113e-01  2.74467319e-01 -3.69672447e-01
   1.90887794e-01 -1.67134613e-01  1.55733228e-01 -4.50576544e-01
  -8.94744396e-02  4.09889072e-01  3.58182102e-01  3.23552221e-01
  -3.26246321e-01  3.41498077e-01  5.03605068e-01 -2.94132918e-01
   3.17739606e-01  2.28826255e-01 -4.40998405e-01  4.13874835e-01
  -3.45761120e-01  2.76120961e-01 -4.10039842e-01  5.00872493e-01
  -1.31716892e-01  1.47841685e-02  6.04629628e-02 -8.45132619e-02
   2.53140986e-01  3.00136894e-01 -6.08919039e-02 -1.08196378e-01
   4.37775820e-01 -3.17043394e-01  3.21564853e-01 -1.01947695e-01]][ 0.04278216 -0.0649294   0.01623211  0.10557879  0.00467642 -0.1112895
  0.04200901  0.10362886  0.02826468  0.02208432 -0.01215955]